2021/2/10_9:51:40 1 0 2 0 3 0 4 0 5 0 6 0
2021/2/10_9:51:41 1 0 2 0 3 0 4 0 5 0 6 0
2021/2/10_9:51:42 1 0 2 0 3 0 4 0 5 0 6 0
2021/2/10_9:51:44 1 0 2 0 3 0 4 0 5 0 6 0
2021/2/10_9:51:45 1 0 2 0 3 0 4 0 5 0 6 0
2021/2/10_9:51:46 1 0 2 0 3 0 4 0 5 0 6 0
2021/2/10_9:51:47 1 0 2 0 3 0 4 0 5 0 6 0
2021/2/10_9:51:48 1 0 2 0 3 0 4 0 5 0 6 0
2021/2/10_9:51:49 1 0 2 0 3 0 4 0 5 0 6 0
2021/2/10_9:51:50 1 0 2 0 3 0 4 0 5 19 6 0
2021/2/10_9:51:51 1 0 2 0 3 0 4 0 5 49 6 0
2021/2/10_9:51:52 1 0 2 0 3 0 4 0 5 49 6 0
2021/2/10_9:51:53 1 0 2 0 3 0 4 0 5 49 6 0
2021/2/10_9:51:54 1 0 2 0 3 0 4 0 5 50 6 0
2021/2/10_9:51:55 1 0 2 0 3 0 4 0 5 50 6 0
2021/2/10_9:51:56 1 0 2 0 3 0 4 0 5 50 6 0
2021/2/10_9:51:57 1 0 2 0 3 0 4 0 5 49 6 0
2021/2/10_9:51:58 1 0 2 0 3 0 4 0 5 50 6 0
2021/2/10_9:51:59 1 0 2 0 3 0 4 0 5 50 6 0
2021/2/10_9:52:0 1 0 2 0 3 0 4 0 5 50 6 0
2021/2/10_9:52:2 1 0 2 0 3 0 4 0 5 50 6 0
2021/2/10_9:52:3 1 0 2 0 3 0 4 0 5 49 6 0
2021/2/10_9:52:4 1 0 2 0 3 0 4 0 5 49 6 0
2021/2/10_9:52:5 1 0 2 00 4 0 5 49 6 0
2021/2/10_9:52:6 1 0 2 0 3 0 4 0 5 49 6 0
2021/2/10_9:52:7 1 0 2 0 3 0 4 0 5 49 6 0
2021/2/10_9:52:8 1 0 2 0 3 0 4 0 5 49 6 0
2021/2/10_9:52:9 1 0 2 0 3 0 4 0 5 49 6 0
2021/2/10_9:52:10 1 0 2 0 3 0 4 0 5 49 6 0
2021/2/10_9:52:11 1 0 2 0 3 0 4 0 5 50 6 0
2021/2/10_9:52:12 1 0 2 0 3 0 4 0 5 50 6 0
2021/2/10_9:52:13 1 0 2 0 3 0 4 0 5 50 6 0
2021/2/10_9:52:14 1 0 2 0 3 0 4 0 5 50 6 0
2021/2/10_9:52:15 1 0 2 0 3 0 4 0 5 50 6 0
2021/2/10_9:52:16 1 0 2 0 3 0 4 0 5 48 6 0
2021/2/10_9:52:17 1 0 2 0 3 0 4 0 5 49 6 0
2021/2/10_9:52:18 1 0 2 0 3 0 4 0 5 38 6 0
2021/2/10_9:52:19 1 0 2 0 3 0 4 0 5 13 6 0
2021/2/10_9:52:20 1 0 2 0 3 0 4 0 5 0 6 0
2021/2/10_9:52:21 1 0 2 0 3 0 4 0 5 2 6 0
2021/2/10_9:52:22 1 0 2 0 3 0 4 0 5 0 6 0
2021/2/10_9:52:23 1 0 2 0 3 0 4 0 5 0 6 0
2021/2/10_9:52:25 1 0 2 0 3 0 4 0 5 0 6 0
2021/2/10_9:52:26 1 0 2 0 3 0 4 0 5 0 6 0
2021/2/10_9:52:27 1 0 2 0 3 0 4 0 5 0 6 0
2021/2/10_9:52:28 1 0 2 0 3 0 4 0 5 0 6 0
2021/2/10_9:52:29 1 0 2 0 3 0 4 0 5 0 6 0
2021/2/1_9:52:30 1 0 2 0 3 0 4 0 5 0 6 0
2021/2/10_9:52:31 1 0 2 0 3 0 4 0 5 0 6 0
2021/2/10_9:52:32 1 0 2 0 3 0 4 0 5 0 6 0
2021/2/10_9:52:33 1 0 2 0 3 0 4 0 5 0 6 0
2021/2/10_9:52:34 1 0 2 0 3 0 4 0 5 0 6 0
2021/2/10_9:52:35 1 0 2 0 3 0 4 0 5 0 6 0
2021/2/10_9:52:36 1 0 2 0 3 0 4 0 5 0 6 0
2021/2/10_9:52:37 1 0 2 0 3 0 4 0 5 0 6 0
2021/2/10_9:52:38 1 0 2 0 3 0 4 0 5 0 6 0
2021/2/10_9:52:39 1 0 2 0 3 0 4 0 5 0 6 0
2021/2/10_9:52:40 1 0 2 0 3 0 4 0 5 0 6 0
2021/2/10_9:52:41 1 0 2 0 3 0 4 0 5 0 6 0
2021/2/10_9:52:42 1 0 2 0 3 0 4 0 5 0 6 0
2021/2/10_9:52:43 1 0 2 0 3 0 4 0 5 0 6 0
2021/2/10_9:52:44 1 0 2 0 3 0 4 0 5 0 6 0
2021/2/10_9:52:45 1 0 2 0 3 0 4 0 5 0 6 0
2021/2/10_9:52:46 1 0 2 0 3 0 4 0 5 0 6 0
2021/2/10_9:52:47 1 0 2 0 3 0 4 0 5 0 6 0
2021/2/10_9:52:49 1 0 2 0 3 0 4 0 5 0 6 0
2021/2/10_9:52:50 1 0 2 0 3 0 4 0 5 0 6 0
2021/2/10_9:52:51 1 0 2 0 3 0 4 0 5 0 6 0
2021/2/10_9:52:52 1 0 2 0 3 0 4 0 5 0 6 0
2021/2/10_9:52:53 1 0 2 0 3 0 4 0 5 0 6 0
2021/2/10_9:52:54 1 0 2 0 3 0 4 0 5 0 6 0
221/2/10_9:52:55 1 0 2 0 3 0 4 0 5 0 6 0
2021/2/10_9:52:56 1 0 2 0 3 0 4 0 5 0 6 0
2021/2/10_9:52:57 1 0 2 0 3 0 4 0 5 0 6 0
2021/2/10_9:52:58 1 0 2 0 3 0 4 0 5 0 6 0
2021/2/10_9:52:59 1 0 2 0 3 0 4 0 5 0 6 0
2021/2/10_9:53:0 1 0 2 0 3 0 4 0 5 0 6 0
2021/2/10_9:53:1 1 0 2 0 3 0 4 0 5 0 6 0
2021/2/10_9:53:2 1 0 2 0 3 0 4 0 5 0 6 0
2021/2/10_9:53:3 1 0 2 0 3 0 4 0 5 0 6 0
2021/2/10_9:53:4 1 0 2 0 3 0 4 0 5 0 6 0
2021/2/10_9:53:5 1 0 2 0 3 0 4 0 5 0 6 0
2021/2/10_9:53:6 1 0 2 0 3 0 4 0 5 0 6 0
2021/2/10_9:53:7 1 0 2 0 3 0 4 0 5 0 6 0
2021/2/10_9:53:8 1 0 2 0 3 0 4 0 5 0 6 0
2021/2/10_9:53:9 1 0 2 0 3 0 4 0 5 0 6 0
2021/2/10_9:53:11 1 0 2 0 3 0 4 0 5 0 6 0
2021/2/10_9:53:12 1 0 2 0 3 0 4 0 5 0 6 0
2021/2/10_9:53:13 1 0 2 0 3 0 4 0 5 0 6 0
2021/2/10_9:53:14 1 0 2 0 3 0 4 0 5 0 6 0
2021/2/10_9:53:15 1 0 2 0 3 0 4 0 5 0 6 0
2021/2/10_9:53:16 1 0 2 0 3 0 4 0 5 0 6 0
2021/2/10_9:53:17 1 0 2 0 3 0 4 0 5 0 6 0
2021/2/10_9:53:18 1 0 2 0 3 0 4 0 5 0 6 0
2021/2/10_9:53:19 1 0 2 0 3 0 4 0 5 0 6 0
20212/10_9:53:20 1 0 2 0 3 0 4 0 5 0 6 0
2021/2/10_9:53:21 1 0 2 0 3 0 4 0 5 0 6 0
2021/2/10_9:53:22 1 0 2 0 3 0 4 0 5 0 6 0
2021/2/10_9:53:23 1 0 2 0 3 0 4 0 5 0 6 0
2021/2/10_9:53:24 1 0 2 0 3 0 4 0 5 0 6 0
2021/2/10_9:53:25 1 0 2 0 3 0 4 0 5 0 6 0
2021/2/10_9:53:26 1 0 2 0 3 0 4 0 5 0 6 0
2021/2/10_9:53:27 1 0 2 0 3 0 4 0 5 0 6 0
2021/2/10_9:53:28 1 0 2 0 3 0 4 0 5 0 6 0
2021/2/10_9:53:29 1 0 2 0 3 0 4 0 5 0 6 0
2021/2/10_9:53:30 1 0 2 0 3 0 4 0 5 0 6 0
2021/2/10_9:53:31 1 0 2 0 3 0 4 0 5 0 6 0
2021/2/10_9:53:32 1 0 2 0 3 0 4 0 5 0 6 0
2021/2/10_9:53:34 1 0 2 0 3 0 4 0 5 0 6 0
2021/2/10_9:53:35 1 0 2 0 3 0 4 0 5 0 6 0
2021/2/10_9:53:36 1 0 2 0 3 0 4 0 5 0 6 0
2021/2/10_9:53:37 1 0 2 0 3 0 4 0 5 0 6 0
2021/2/10_9:53:38 1 0 2 0 3 0 4 0 5 0 6 0
2021/2/10_9:53:39 1 0 2 0 3 0 4 0 5 0 6 0
2021/2/10_9:53:40 1 0 2 0 3 0 4 0 5 0 6 0
2021/2/10_9:53:41 1 0 2 0 3 0 4 0 5 0 6 0
2021/2/10_9:53:42 1 0 2 0 3 0 4 0 5 0 6 0
2021/2/10_9:53:43 1 0 2 0 3 0 4 0 5 0 6 0
2021/2/10_9:53:44 1 0 2 0 3 0 4 0 5 0 62021/2/10_9:53:45 1 0 2 0 3 0 4 0 5 0 6 0
2021/2/10_9:53:46 1 0 2 0 3 0 4 0 5 0 6 0
2021/2/10_9:53:47 1 0 2 0 3 0 4 0 5 0 6 0
2021/2/10_9:53:48 1 0 2 0 3 0 4 0 5 0 6 0
2021/2/10_9:53:49 1 0 2 0 3 0 4 0 5 0 6 0
2021/2/10_9:53:50 1 0 2 0 3 0 4 0 5 0 6 0
2021/2/10_9:53:51 1 0 2 0 3 0 4 0 5 0 6 0
2021/2/10_9:53:52 1 0 2 0 3 0 4 0 5 0 6 0
2021/2/10_9:53:53 1 0 2 0 3 0 4 0 5 0 6 0
2021/2/10_9:53:54 1 0 2 0 3 0 4 0 5 0 6 0
2021/2/10_9:53:55 1 0 2 0 3 0 4 0 5 0 6 0
2021/2/10_9:53:56 1 0 2 0 3 0 4 0 5 0 6 0
2021/2/10_9:53:58 1 0 2 0 3 0 4 0 5 0 6 0
2021/2/10_9:53:59 1 0 2 0 3 0 4 0 5 0 6 0
2021/2/10_9:54:0 1 0 2 0 3 0 4 0 5 0 6 0
2021/2/10_9:54:1 1 0 2 0 3 0 4 0 5 0 6 0
2021/2/10_9:54:2 1 0 2 0 3 0 4 0 5 0 6 0
2021/2/10_9:54:3 1 0 2 0 3 0 4 0 5 0 6 0
2021/2/10_9:54:4 1 0 2 0 3 0 4 0 5 0 6 0
2021/2/10_9:54:5 1 0 2 0 3 0 4 0 5 0 6 0
2021/2/10_9:54:6 1 0 2 0 3 0 4 0 5 0 6 0
2021/2/10_9:54:7 1 0 2 0 3 0 4 0 5 0 6 0
2021/2/10_9:54:8 1 0 2 0 3 0 4 0 5 0 6 0
2021/2/10_9:54:9 1 0 2 0 3 0 4 0 5 0 6 0021/2/10_9:54:10 1 0 2 0 3 0 4 0 5 0 6 0
2021/2/10_9:54:11 1 0 2 0 3 0 4 0 5 0 6 0
2021/2/10_9:54:12 1 0 2 0 3 0 4 0 5 0 6 0
2021/2/10_9:54:13 1 0 2 0 3 0 4 0 5 0 6 0
2021/2/10_9:54:14 1 0 2 0 3 0 4 0 5 0 6 0
2021/2/10_9:54:15 1 0 2 0 3 0 4 0 5 0 6 0
2021/2/10_9:54:16 1 0 2 0 3 0 4 0 5 0 6 0
2021/2/10_9:54:17 1 0 2 0 3 0 4 0 5 0 6 0
2021/2/10_9:54:18 1 0 2 0 3 0 4 0 5 0 6 0
2021/2/10_9:54:20 1 0 2 0 3 0 4 0 5 0 6 0
2021/2/10_9:54:21 1 0 2 0 3 0 4 0 5 0 6 0
2021/2/10_9:54:22 1 0 2 0 3 0 4 0 5 0 6 0
2021/2/10_9:54:23 1 0 2 0 3 0 4 0 5 0 6 0
2021/2/10_9:54:24 1 0 2 0 3 0 4 0 5 0 6 0
2021/2/10_9:54:25 1 0 2 0 3 0 4 0 5 0 6 0
2021/2/10_9:54:26 1 0 2 0 3 0 4 0 5 0 6 0
2021/2/10_9:54:27 1 0 2 0 3 0 4 0 5 0 6 0
2021/2/10_9:54:28 1 0 2 0 3 0 4 0 5 0 6 0
2021/2/10_9:54:29 1 0 2 0 3 0 4 0 5 0 6 0
2021/2/10_9:54:30 1 0 2 0 3 0 4 0 5 0 6 0
2021/2/10_9:54:31 1 0 2 0 3 0 4 0 5 0 6 0
2021/2/10_9:54:32 1 0 2 0 3 0 4 0 5 0 6 0
2021/2/10_9:54:33 1 0 2 0 3 0 4 0 5 0 6 0
2021/2/10_9:54:34 1 0 2 0 3 0 4 0 56 0
2021/2/10_9:54:35 1 0 2 0 3 0 4 0 5 0 6 0
2021/2/10_9:54:36 1 0 2 0 3 0 4 0 5 0 6 0
2021/2/10_9:54:37 1 0 2 0 3 0 4 0 5 0 6 0
2021/2/10_9:54:38 1 0 2 0 3 0 4 0 5 0 6 0
2021/2/10_9:54:39 1 0 2 0 3 0 4 0 5 0 6 0
2021/2/10_9:54:40 1 0 2 0 3 0 4 0 5 0 6 0
2021/2/10_9:54:42 1 0 2 0 3 0 4 0 5 0 6 0
2021/2/10_9:54:43 1 0 2 0 3 0 4 0 5 0 6 0
2021/2/10_9:54:44 1 0 2 0 3 0 4 0 5 0 6 0
2021/2/10_9:54:53 1 0 2 0 3 0 4 0 5 0 6 0
2021/2/10_9:54:54 1 0 2 0 3 0 4 0 5 0 6 0
2021/2/10_9:54:55 1 0 2 0 3 0 4 0 5 0 6 0
2021/2/10_9:54:56 1 0 2 0 3 0 4 0 5 0 6 0
2021/2/10_9:54:57 1 0 2 0 3 0 4 0 5 0 6 0
2021/2/10_9:54:58 1 0 2 0 3 0 4 0 5 0 6 0
2021/2/10_9:54:59 1 0 2 0 3 0 4 0 5 0 6 0
2021/2/10_9:55:0 1 0 2 0 3 0 4 0 5 0 6 0
2021/2/10_9:55:1 1 0 2 0 3 0 4 0 5 0 6 0
2021/2/10_9:55:2 1 0 2 0 3 0 4 0 5 0 6 0
2021/2/10_9:55:4 1 0 2 0 3 0 4 0 5 0 6 0
2021/2/10_9:55:5 1 0 2 0 3 0 4 0 5 0 6 0
2021/2/10_9:55:6 1 0 2 0 3 0 4 0 5 0 6 0
2021/2/10_9:55:7 1 0 2 0 3 0 4 0 5 0 6 0
2021/2/10_9:55:8 1 0 2 0 3 0 4 0 5 06 0
2021/2/10_9:55:9 1 0 2 0 3 0 4 0 5 0 6 0
2021/2/10_9:55:10 1 0 2 0 3 0 4 0 5 0 6 0
2021/2/10_9:55:11 1 0 2 0 3 0 4 0 5 0 6 0
2021/2/10_9:55:12 1 0 2 0 3 0 4 0 5 0 6 0
2021/2/10_9:55:13 1 0 2 0 3 0 4 0 5 0 6 0
2021/2/10_9:55:14 1 0 2 0 3 0 4 0 5 0 6 0
2021/2/10_9:55:15 1 0 2 0 3 0 4 0 5 0 6 0
2021/2/10_9:55:16 1 0 2 0 3 0 4 0 5 0 6 0
2021/2/10_9:55:17 1 0 2 0 3 0 4 0 5 0 6 0
2021/2/10_9:55:18 1 0 2 0 3 0 4 0 5 0 6 0
2021/2/10_9:55:19 1 0 2 0 3 0 4 0 5 0 6 0
2021/2/10_9:55:20 1 0 2 0 3 0 4 0 5 0 6 0
2021/2/10_9:55:21 1 0 2 0 3 0 4 0 5 0 6 0
2021/2/10_9:55:22 1 0 2 0 3 0 4 0 5 0 6 0
2021/2/10_9:55:23 1 0 2 0 3 0 4 0 5 0 6 0
2021/2/10_9:55:24 1 0 2 0 3 0 4 0 5 0 6 0
2021/2/10_9:55:26 1 0 2 0 3 0 4 0 5 0 6 0
2021/2/10_9:55:27 1 0 2 0 3 0 4 0 5 0 6 0
2021/2/10_9:55:28 1 0 2 0 3 0 4 0 5 0 6 0
2021/2/10_9:55:29 1 0 2 0 3 0 4 0 5 0 6 0
2021/2/10_9:55:30 1 0 2 0 3 0 4 0 5 0 6 0
2021/2/10_9:55:31 1 0 2 0 3 0 4 0 5 0 6 0
2021/2/10_9:55:32 1 0 2 0 3 0 4 0 5 0 6 0
2021/2/10_9:55:33 1 0 2 0 3 0 40 5 0 6 0
2021/2/10_9:55:34 1 0 2 0 3 0 4 0 5 0 6 0
2021/2/10_9:55:35 1 0 2 0 3 0 4 0 5 0 6 0
2021/2/10_9:55:36 1 0 2 0 3 0 4 0 5 0 6 0
2021/2/10_9:55:37 1 0 2 0 3 0 4 0 5 0 6 0
2021/2/10_9:55:38 1 0 2 0 3 0 4 0 5 0 6 0
2021/2/10_9:55:39 1 0 2 0 3 0 4 0 5 0 6 0
2021/2/10_9:55:40 1 0 2 0 3 0 4 0 5 0 6 0
2021/2/10_9:55:41 1 0 2 0 3 0 4 0 5 0 6 0
2021/2/10_9:55:42 1 0 2 0 3 0 4 0 5 0 6 0
2021/2/10_9:55:43 1 0 2 0 3 0 4 0 5 0 6 0
2021/2/10_9:55:44 1 0 2 0 3 0 4 0 5 0 6 0
2021/2/10_9:55:45 1 0 2 0 3 0 4 0 5 0 6 0
2021/2/10_9:55:46 1 0 2 0 3 0 4 0 5 0 6 0
2021/2/10_9:55:47 1 0 2 0 3 0 4 0 5 0 6 0
2021/2/10_9:55:49 1 0 2 0 3 0 4 0 5 0 6 0
2021/2/10_9:55:50 1 0 2 0 3 0 4 0 5 0 6 0
2021/2/10_9:55:51 1 0 2 0 3 0 4 0 5 0 6 0
2021/2/10_9:55:52 1 0 2 0 3 0 4 0 5 0 6 0
2021/2/10_9:55:53 1 0 2 0 3 0 4 0 5 0 6 0
2021/2/10_9:55:54 1 0 2 0 3 0 4 0 5 0 6 0
2021/2/10_9:55:55 1 0 2 0 3 0 4 0 5 0 6 0
2021/2/10_9:55:56 1 0 2 0 3 0 4 0 5 0 6 0
2021/2/10_9:55:57 1 0 2 0 3 0 4 0 5 0 6 0
2021/2/10_9:55:58 1 0 23 0 4 0 5 0 6 0
2021/2/10_9:55:59 1 0 2 0 3 0 4 0 5 0 6 0
2021/2/10_9:56:0 1 0 2 0 3 0 4 0 5 0 6 0
2021/2/10_9:56:1 1 0 2 0 3 0 4 0 5 0 6 0
2021/2/10_9:56:2 1 0 2 0 3 0 4 0 5 0 6 0
2021/2/10_9:56:3 1 0 2 0 3 0 4 0 5 0 6 0
2021/2/10_9:56:4 1 0 2 0 3 0 4 0 5 0 6 0
2021/2/10_9:56:5 1 0 2 0 3 0 4 0 5 0 6 0
2021/2/10_9:56:6 1 0 2 0 3 0 4 0 5 0 6 0
2021/2/10_9:56:7 1 0 2 0 3 0 4 0 5 0 6 0
2021/2/10_9:56:8 1 0 2 0 3 0 4 0 5 0 6 0
2021/2/10_9:56:9 1 0 2 0 3 0 4 0 5 0 6 0
2021/2/10_9:56:10 1 0 2 0 3 0 4 0 5 0 6 0
2021/2/10_9:56:12 1 0 2 0 3 0 4 0 5 0 6 0
2021/2/10_9:56:13 1 0 2 0 3 0 4 0 5 0 6 0
2021/2/10_9:56:14 1 0 2 0 3 0 4 0 5 0 6 0
2021/2/10_9:56:15 1 0 2 0 3 0 4 0 5 0 6 0
2021/2/10_9:56:16 1 0 2 0 3 0 4 0 5 0 6 0
2021/2/10_9:56:17 1 0 2 0 3 0 4 0 5 0 6 0
2021/2/10_9:56:18 1 0 2 0 3 0 4 0 5 0 6 0
2021/2/10_9:56:19 1 0 2 0 3 0 4 0 5 0 6 0
2021/2/10_9:56:20 1 0 2 0 3 0 4 0 5 0 6 0
2021/2/10_9:56:21 1 0 2 0 3 0 4 0 5 0 6 0
2021/2/10_9:56:22 1 0 2 0 3 0 4 0 5 0 6 0
2021/2/10_9:56:23 1 0 2 0 30 4 0 5 0 6 0
2021/2/10_9:56:24 1 0 2 0 3 0 4 0 5 0 6 0
2021/2/10_9:56:25 1 0 2 0 3 0 4 0 5 0 6 0
2021/2/10_9:56:26 1 0 2 0 3 0 4 0 5 0 6 0
2021/2/10_9:56:27 1 0 2 0 3 0 4 0 5 0 6 0
2021/2/10_9:56:28 1 0 2 0 3 0 4 0 5 0 6 0
2021/2/10_9:56:29 1 0 2 0 3 0 4 0 5 0 6 0
2021/2/10_9:56:30 1 0 2 0 3 0 4 0 5 0 6 0
2021/2/10_9:56:31 1 0 2 0 3 0 4 0 5 0 6 0
2021/2/10_9:56:32 1 0 2 0 3 0 4 0 5 0 6 0
2021/2/10_9:56:33 1 0 2 0 3 0 4 0 5 0 6 0
2021/2/10_9:56:35 1 0 2 0 3 0 4 0 5 0 6 0
2021/2/10_9:56:36 1 0 2 0 3 0 4 0 5 0 6 0
2021/2/10_9:56:37 1 0 2 0 3 0 4 0 5 0 6 0
2021/2/10_9:56:38 1 0 2 0 3 0 4 0 5 0 6 0
2021/2/10_9:56:39 1 0 2 0 3 0 4 0 5 0 6 0
2021/2/10_9:56:40 1 0 2 0 3 0 4 0 5 0 6 0
2021/2/10_9:56:41 1 0 2 0 3 0 4 0 5 0 6 0
2021/2/10_9:56:42 1 0 2 0 3 0 4 0 5 0 6 0
2021/2/10_9:56:43 1 0 2 0 3 0 4 0 5 0 6 0
2021/2/10_9:56:44 1 0 2 0 3 0 4 0 5 0 6 0
2021/2/10_9:56:45 1 0 2 0 3 0 4 0 5 0 6 0
2021/2/10_9:56:46 1 0 2 0 3 0 4 0 5 0 6 0
2021/2/10_9:56:47 1 0 2 0 3 0 4 0 5 0 6 0
2021/2/10_9:56:48 12 0 3 0 4 0 5 0 6 0
2021/2/10_9:56:49 1 0 2 0 3 0 4 0 5 0 6 0
2021/2/10_9:56:50 1 0 2 0 3 0 4 0 5 0 6 0
2021/2/10_9:56:51 1 0 2 0 3 0 4 0 5 0 6 0
2021/2/10_9:56:52 1 0 2 0 3 0 4 0 5 0 6 0
2021/2/10_9:56:53 1 0 2 0 3 0 4 0 5 0 6 0
2021/2/10_9:56:54 1 0 2 0 3 0 4 0 5 0 6 0
2021/2/10_9:56:55 1 0 2 0 3 0 4 0 5 0 6 0
2021/2/10_9:56:56 1 0 2 0 3 0 4 0 5 0 6 0
2021/2/10_9:56:58 1 0 2 0 3 0 4 0 5 0 6 0
2021/2/10_9:56:59 1 0 2 0 3 0 4 0 5 0 6 0
2021/2/10_9:57:0 1 0 2 0 3 0 4 0 5 0 6 0
2021/2/10_9:57:1 1 0 2 0 3 0 4 0 5 0 6 0
2021/2/10_9:57:2 1 0 2 0 3 0 4 0 5 0 6 0
2021/2/10_9:57:3 1 0 2 0 3 0 4 0 5 0 6 0
2021/2/10_9:57:4 1 0 2 0 3 0 4 0 5 0 6 0
2021/2/10_9:57:5 1 0 2 0 3 0 4 0 5 0 6 0
2021/2/10_9:57:6 1 0 2 0 3 0 4 0 5 0 6 0
2021/2/10_9:57:7 1 0 2 0 3 0 4 0 5 0 6 0
2021/2/10_9:57:8 1 0 2 0 3 0 4 0 5 0 6 0
2021/2/10_9:57:9 1 0 2 0 3 0 4 0 5 0 6 0
2021/2/10_9:57:10 1 0 2 0 3 0 4 0 5 0 6 0
2021/2/10_9:57:11 1 0 2 0 3 0 4 0 5 0 6 0
2021/2/10_9:57:12 1 0 2 0 3 0 4 0 5 0 6 0
2021/2/10_9:57:13 1 0 20 3 0 4 0 5 0 6 0
2021/2/10_9:57:14 1 0 2 0 3 0 4 0 5 0 6 0
2021/2/10_9:57:15 1 0 2 0 3 0 4 0 5 0 6 0
2021/2/10_9:57:16 1 0 2 0 3 0 4 0 5 0 6 0
2021/2/10_9:57:17 1 0 2 0 3 0 4 0 5 0 6 0
2021/2/10_9:57:18 1 0 2 0 3 0 4 0 5 0 6 0
2021/2/10_9:57:19 1 0 2 0 3 0 4 0 5 0 6 0
2021/2/10_9:57:20 1 0 2 0 3 0 4 0 5 0 6 0
2021/2/10_9:57:22 1 0 2 0 3 0 4 0 5 0 6 0
2021/2/10_9:57:23 1 0 2 0 3 0 4 0 5 0 6 0
2021/2/10_9:57:24 1 0 2 0 3 0 4 0 5 0 6 0
2021/2/10_9:57:25 1 0 2 0 3 0 4 0 5 0 6 0
2021/2/10_9:57:26 1 0 2 0 3 0 4 0 5 0 6 0
2021/2/10_9:57:27 1 0 2 0 3 0 4 0 5 0 6 0
2021/2/10_9:57:28 1 0 2 0 3 0 4 0 5 0 6 0
2021/2/10_9:57:29 1 0 2 0 3 0 4 0 5 0 6 0
2021/2/10_9:57:30 1 0 2 0 3 0 4 0 5 0 6 0
2021/2/10_9:57:31 1 0 2 0 3 0 4 0 5 0 6 0
2021/2/10_9:57:48 1 0 2 0 3 0 4 0 5 0 6 0
2021/2/10_9:57:49 1 0 2 0 3 0 4 0 5 0 6 0
2021/2/10_9:57:50 1 0 2 0 3 0 4 0 5 0 6 0
2021/2/10_9:57:51 1 0 2 0 3 0 4 0 5 0 6 0
2021/2/10_9:57:52 1 0 2 0 3 0 4 0 5 0 6 0
2021/2/10_9:57:53 1 0 2 0 3 0 4 0 5 0 6 0
2021/2/10_9:57:51 0 2 0 3 0 4 0 5 0 6 0
2021/2/10_9:57:55 1 0 2 0 3 0 4 0 5 0 6 0
2021/2/10_9:57:56 1 0 2 0 3 0 4 0 5 0 6 0
2021/2/10_9:57:57 1 0 2 0 3 0 4 0 5 0 6 0
2021/2/10_9:57:58 1 0 2 0 3 0 4 0 5 0 6 0
2021/2/10_9:57:59 1 0 2 0 3 0 4 0 5 0 6 0
2021/2/10_9:58:0 1 0 2 0 3 0 4 0 5 0 6 0
2021/2/10_9:58:1 1 0 2 0 3 0 4 0 5 0 6 0
2021/2/10_9:58:2 1 0 2 0 3 0 4 0 5 0 6 0
2021/2/10_9:58:3 1 0 2 0 3 0 4 0 5 0 6 0
2021/2/10_9:58:4 1 0 2 0 3 0 4 0 5 0 6 0
2021/2/10_9:58:5 1 0 2 0 3 0 4 0 5 0 6 0
2021/2/10_9:58:7 1 0 2 0 3 0 4 0 5 0 6 0
2021/2/10_9:58:8 1 0 2 0 3 0 4 0 5 0 6 0
2021/2/10_9:58:9 1 0 2 0 3 0 4 0 5 0 6 0
2021/2/10_9:58:10 1 0 2 0 3 0 4 0 5 0 6 0
2021/2/10_9:58:11 1 0 2 0 3 0 4 0 5 0 6 0
2021/2/10_9:58:12 1 0 2 0 3 0 4 0 5 0 6 0
2021/2/10_9:58:13 1 0 2 0 3 0 4 0 5 0 6 0
2021/2/10_9:58:14 1 0 2 0 3 0 4 0 5 0 6 0
2021/2/10_9:58:15 1 0 2 0 3 0 4 0 5 0 6 0
2021/2/10_9:58:16 1 0 2 0 3 0 4 0 5 0 6 0
2021/2/10_9:58:17 1 0 2 0 3 0 4 0 5 0 6 0
2021/2/10_9:58:18 1 0 2 0 3 0 4 0 5 0 6 0
2021/2/10_9:58:190 2 0 3 0 4 0 5 0 6 0
2021/2/10_9:58:20 1 0 2 0 3 0 4 0 5 0 6 0
2021/2/10_9:58:21 1 0 2 0 3 0 4 0 5 0 6 0
2021/2/10_9:58:22 1 0 2 0 3 0 4 0 5 0 6 0
2021/2/10_9:58:23 1 0 2 0 3 0 4 0 5 0 6 0
2021/2/10_9:58:42 1 0 2 0 3 0 4 0 5 0 6 0
2021/2/10_9:58:43 1 0 2 0 3 0 4 0 5 0 6 0
2021/2/10_9:58:44 1 0 2 0 3 0 4 0 5 0 6 0
2021/2/10_9:58:45 1 0 2 0 3 0 4 0 5 0 6 0
2021/2/10_9:58:46 1 0 2 0 3 0 4 0 5 0 6 0
2021/2/10_9:58:47 1 0 2 0 3 0 4 0 5 0 6 0
2021/2/10_9:58:48 1 0 2 0 3 0 4 0 5 0 6 0
2021/2/10_9:58:49 1 0 2 0 3 0 4 0 5 0 6 0
2021/2/10_9:58:50 1 0 2 0 3 0 4 0 5 0 6 0
2021/2/10_9:58:51 1 0 2 0 3 0 4 0 5 0 6 0
2021/2/10_9:58:52 1 0 2 0 3 0 4 0 5 0 6 0
2021/2/10_9:58:53 1 0 2 0 3 0 4 0 5 0 6 0
2021/2/10_9:58:54 1 0 2 0 3 0 4 0 5 0 6 0
2021/2/10_9:58:55 1 0 2 0 3 0 4 0 5 0 6 0
2021/2/10_9:58:56 1 0 2 0 3 0 4 0 5 0 6 0
2021/2/10_9:58:57 1 0 2 0 3 0 4 0 5 0 6 0
2021/2/10_9:58:58 1 0 2 0 3 0 4 0 5 0 6 0
2021/2/10_9:58:59 1 0 2 0 3 0 4 0 5 0 6 0
2021/2/10_9:59:19 1 0 2 0 3 0 4 0 5 0 6 0
2021/2/10_959:20 1 0 2 0 3 0 4 0 5 0 6 0
2021/2/10_9:59:21 1 0 2 0 3 0 4 0 5 0 6 0
2021/2/10_9:59:22 1 0 2 0 3 0 4 0 5 0 6 0
2021/2/10_9:59:23 1 0 2 0 3 0 4 0 5 0 6 0
2021/2/10_9:59:24 1 0 2 0 3 0 4 0 5 0 6 0
2021/2/10_9:59:25 1 0 2 0 3 0 4 0 5 0 6 0
2021/2/10_9:59:26 1 0 2 0 3 0 4 0 5 0 6 0
2021/2/10_9:59:27 1 0 2 0 3 0 4 0 5 0 6 0
2021/2/10_9:59:28 1 0 2 0 3 0 4 0 5 0 6 0
2021/2/10_9:59:29 1 0 2 0 3 0 4 0 5 0 6 0
2021/2/10_9:59:30 1 0 2 0 3 0 4 0 5 0 6 0
2021/2/10_9:59:31 1 0 2 0 3 0 4 0 5 0 6 0
2021/2/10_9:59:32 1 0 2 0 3 0 4 0 5 0 6 0
2021/2/10_9:59:33 1 0 2 0 3 0 4 0 5 0 6 0
2021/2/10_9:59:34 1 0 2 0 3 0 4 0 5 0 6 0
2021/2/10_9:59:35 1 0 2 0 3 0 4 0 5 0 6 0
2021/2/10_9:59:36 1 0 2 0 3 0 4 0 5 0 6 0
2021/2/10_9:59:37 1 0 2 0 3 0 4 0 5 0 6 0
2021/2/10_9:59:38 1 0 2 0 3 0 4 0 5 0 6 0
2021/2/10_9:59:40 1 0 2 0 3 0 4 0 5 0 6 0
2021/2/10_9:59:41 1 0 2 0 3 0 4 0 5 0 6 0
2021/2/10_9:59:42 1 0 2 0 3 0 4 0 5 0 6 0
2021/2/10_9:59:43 1 0 2 0 3 0 4 0 5 0 6 0
2021/2/10_9:59:44 1 0 2 0 3 0 4 0 5 0 6 0
20212/10_9:59:45 1 0 2 0 3 0 4 0 5 0 6 0
2021/2/10_9:59:46 1 0 2 0 3 0 4 0 5 0 6 0
2021/2/10_9:59:47 1 0 2 0 3 0 4 0 5 0 6 0
2021/2/10_9:59:48 1 0 2 0 3 0 4 0 5 0 6 0
2021/2/10_9:59:49 1 0 2 0 3 0 4 0 5 0 6 0
2021/2/10_9:59:50 1 0 2 0 3 0 4 0 5 0 6 0
2021/2/10_9:59:51 1 0 2 0 3 0 4 0 5 0 6 0
2021/2/10_9:59:52 1 0 2 0 3 0 4 0 5 0 6 0
2021/2/10_9:59:53 1 0 2 0 3 0 4 0 5 0 6 0
2021/2/10_9:59:54 1 0 2 0 3 0 4 0 5 0 6 0
2021/2/10_9:59:55 1 0 2 0 3 0 4 0 5 0 6 0
2021/2/10_9:59:56 1 0 2 0 3 0 4 0 5 0 6 0
2021/2/10_9:59:57 1 0 2 0 3 0 4 0 5 0 6 0
2021/2/10_9:59:58 1 0 2 0 3 0 4 0 5 0 6 0
2021/2/10_9:59:59 1 0 2 0 3 0 4 0 5 0 6 0
2021/2/10_10:0:0 1 0 2 0 3 0 4 0 5 0 6 0
2021/2/10_10:0:1 1 0 2 0 3 0 4 0 5 0 6 0
2021/2/10_10:0:2 1 0 2 0 3 0 4 0 5 0 6 0
2021/2/10_10:0:4 1 0 2 0 3 0 4 0 5 0 6 0
2021/2/10_10:0:5 1 0 2 0 3 0 4 0 5 0 6 0
2021/2/10_10:0:6 1 0 2 0 3 0 4 0 5 0 6 0
2021/2/10_10:0:7 1 0 2 0 3 0 4 0 5 0 6 0
2021/2/10_10:0:8 1 0 2 0 3 0 4 0 5 0 6 0
2021/2/10_10:0:9 1 0 2 0 3 0 4 0 5 0 6 0
2021/210_10:0:10 1 0 2 0 3 0 4 0 5 0 6 0
2021/2/10_10:0:11 1 0 2 0 3 0 4 0 5 0 6 0
2021/2/10_10:0:12 1 0 2 0 3 0 4 0 5 0 6 0
2021/2/10_10:0:13 1 0 2 0 3 0 4 0 5 0 6 0
2021/2/10_10:0:14 1 0 2 0 3 0 4 0 5 0 6 0
2021/2/10_10:0:15 1 0 2 0 3 0 4 0 5 0 6 0
2021/2/10_10:0:16 1 0 2 0 3 0 4 0 5 0 6 0
2021/2/10_10:0:17 1 0 2 0 3 0 4 0 5 0 6 0
2021/2/10_10:0:18 1 0 2 0 3 0 4 0 5 0 6 0
2021/2/10_10:0:19 1 0 2 0 3 0 4 0 5 0 6 0
2021/2/10_10:0:20 1 0 2 0 3 0 4 0 5 0 6 0
2021/2/10_10:0:21 1 0 2 0 3 0 4 0 5 0 6 0
2021/2/10_10:0:22 1 0 2 0 3 0 4 0 5 0 6 0
2021/2/10_10:0:23 1 0 2 0 3 0 4 0 5 0 6 0
2021/2/10_10:0:24 1 0 2 0 3 0 4 0 5 0 6 0
2021/2/10_10:0:26 1 0 2 0 3 0 4 0 5 0 6 0
2021/2/10_10:0:27 1 0 2 0 3 0 4 0 5 0 6 0
2021/2/10_10:0:28 1 0 2 0 3 0 4 0 5 0 6 0
2021/2/10_10:0:29 1 0 2 0 3 0 4 0 5 0 6 0
2021/2/10_10:0:30 1 0 2 0 3 0 4 0 5 0 6 0
2021/2/10_10:0:31 1 0 2 0 3 0 4 0 5 0 6 0
2021/2/10_10:0:32 1 0 2 0 3 0 4 0 5 0 6 0
2021/2/10_10:0:33 1 0 2 0 3 0 4 0 5 0 6 0
2021/2/10_10:0:34 1 0 2 0 3 0 4 0 5 0 6 02021/2/10_10:0:35 1 0 2 0 3 0 4 0 5 0 6 0
2021/2/10_10:0:36 1 0 2 0 3 0 4 0 5 0 6 0
2021/2/10_10:0:37 1 0 2 0 3 0 4 0 5 0 6 0
2021/2/10_10:0:38 1 0 2 0 3 0 4 0 5 0 6 0
2021/2/10_10:0:39 1 0 2 0 3 0 4 0 5 0 6 0
2021/2/10_10:0:40 1 0 2 0 3 0 4 0 5 0 6 0
2021/2/10_10:0:41 1 0 2 0 3 0 4 0 5 0 6 0
2021/2/10_10:0:42 1 0 2 0 3 0 4 0 5 0 6 0
2021/2/10_10:0:43 1 0 2 0 3 0 4 0 5 0 6 0
2021/2/10_10:0:44 1 0 2 0 3 0 4 0 5 0 6 0
2021/2/10_10:0:45 1 0 2 0 3 0 4 0 5 0 6 0
2021/2/10_10:0:46 1 0 2 0 3 0 4 0 5 0 6 0
2021/2/10_10:0:47 1 0 2 0 3 0 4 0 5 0 6 0
2021/2/10_10:0:49 1 0 2 0 3 0 4 0 5 0 6 0
2021/2/10_10:0:50 1 0 2 0 3 0 4 0 5 0 6 0
2021/2/10_10:0:51 1 0 2 0 3 0 4 0 5 0 6 0
2021/2/10_10:0:52 1 0 2 0 3 0 4 0 5 0 6 0
2021/2/10_10:0:53 1 0 2 0 3 0 4 0 5 0 6 0
2021/2/10_10:0:54 1 0 2 0 3 0 4 0 5 0 6 0
2021/2/10_10:0:55 1 0 2 0 3 0 4 0 5 0 6 0
2021/2/10_10:0:56 1 0 2 0 3 0 4 0 5 0 6 0
2021/2/10_10:0:57 1 0 2 0 3 0 4 0 5 0 6 0
2021/2/10_10:0:58 1 0 2 0 3 0 4 0 5 0 6 0
2021/2/10_10:0:59 1 0 2 0 3 0 4 0 50 6 0
2021/2/10_10:1:0 1 0 2 0 3 0 4 0 5 0 6 0
2021/2/10_10:1:1 1 0 2 0 3 0 4 0 5 0 6 0
2021/2/10_10:1:2 1 0 2 0 3 0 4 0 5 0 6 0
2021/2/10_10:1:3 1 0 2 0 3 0 4 0 5 0 6 0
2021/2/10_10:1:4 1 0 2 0 3 0 4 0 5 0 6 0
2021/2/10_10:1:5 1 0 2 0 3 0 4 0 5 0 6 0
2021/2/10_10:1:6 1 0 2 0 3 0 4 0 5 0 6 0
2021/2/10_10:1:7 1 0 2 0 3 0 4 0 5 0 6 0
2021/2/10_10:1:8 1 0 2 0 3 0 4 0 5 0 6 0
2021/2/10_10:1:9 1 0 2 0 3 0 4 0 5 0 6 0
2021/2/10_10:1:10 1 0 2 0 3 0 4 0 5 0 6 0
2021/2/10_10:1:11 1 0 2 0 3 0 4 0 5 0 6 0
2021/2/10_10:1:13 1 0 2 0 3 0 4 0 5 0 6 0
2021/2/10_10:1:14 1 0 2 0 3 0 4 0 5 0 6 0
2021/2/10_10:1:15 1 0 2 0 3 0 4 0 5 0 6 0
2021/2/10_10:1:16 1 0 2 0 3 0 4 0 5 0 6 0
2021/2/10_10:1:17 1 0 2 0 3 0 4 0 5 0 6 0
2021/2/10_10:1:18 1 0 2 0 3 0 4 0 5 0 6 0
2021/2/10_10:1:19 1 0 2 0 3 0 4 0 5 0 6 0
2021/2/10_10:1:20 1 0 2 0 3 0 4 0 5 0 6 0
2021/2/10_10:1:21 1 0 2 0 3 0 4 0 5 0 6 0
2021/2/10_10:1:22 1 0 2 0 3 0 4 0 5 0 6 0
2021/2/10_10:1:23 1 0 2 0 3 0 4 0 5 0 6 0
2021/2/10_10:1:24 1 0 2 0 3 0 4 0 5 00
2021/2/10_10:1:25 1 0 2 0 3 0 4 0 5 0 6 0
2021/2/10_10:1:26 1 0 2 0 3 0 4 0 5 0 6 0
2021/2/10_10:1:27 1 0 2 0 3 0 4 0 5 0 6 0
2021/2/10_10:1:28 1 0 2 0 3 0 4 0 5 0 6 0
2021/2/10_10:1:29 1 0 2 0 3 0 4 0 5 0 6 0
2021/2/10_10:1:30 1 0 2 0 3 0 4 0 5 0 6 0
2021/2/10_10:1:31 1 0 2 0 3 0 4 0 5 0 6 0
2021/2/10_10:1:32 1 0 2 0 3 0 4 0 5 0 6 0
2021/2/10_10:1:33 1 0 2 0 3 0 4 0 5 0 6 0
2021/2/10_10:1:35 1 0 2 0 3 0 4 0 5 0 6 0
2021/2/10_10:1:36 1 0 2 0 3 0 4 0 5 0 6 0
2021/2/10_10:1:37 1 0 2 0 3 0 4 0 5 0 6 0
2021/2/10_10:1:38 1 0 2 0 3 0 4 0 5 0 6 0
2021/2/10_10:1:39 1 0 2 0 3 0 4 0 5 0 6 0
2021/2/10_10:1:40 1 0 2 0 3 0 4 0 5 0 6 0
2021/2/10_10:1:41 1 0 2 0 3 0 4 0 5 0 6 0
2021/2/10_10:1:42 1 0 2 0 3 0 4 0 5 0 6 0
2021/2/10_10:1:43 1 0 2 0 3 0 4 0 5 0 6 0
2021/2/10_10:1:44 1 0 2 0 3 0 4 0 5 0 6 0
2021/2/10_10:1:45 1 0 2 0 3 0 4 0 5 0 6 0
2021/2/10_10:1:46 1 0 2 0 3 0 4 0 5 0 6 0
2021/2/10_10:1:47 1 0 2 0 3 0 4 0 5 0 6 0
2021/2/10_10:1:48 1 0 2 0 3 0 4 0 5 0 6 0
2021/2/10_10:1:49 1 0 2 0 3 0 40 5 0 6 0
2021/2/10_10:1:50 1 0 2 0 3 0 4 0 5 0 6 0
2021/2/10_10:1:51 1 0 2 0 3 0 4 0 5 0 6 0
2021/2/10_10:1:52 1 0 2 0 3 0 4 0 5 0 6 0
2021/2/10_10:1:53 1 0 2 0 3 0 4 0 5 0 6 0
2021/2/10_10:1:54 1 0 2 0 3 0 4 0 5 0 6 0
2021/2/10_10:1:55 1 0 2 0 3 0 4 0 5 0 6 0
2021/2/10_10:1:56 1 0 2 0 3 0 4 0 5 0 6 0
2021/2/10_10:1:58 1 0 2 0 3 0 4 0 5 0 6 0
2021/2/10_10:1:59 1 0 2 0 3 0 4 0 5 0 6 0
2021/2/10_10:2:0 1 0 2 0 3 0 4 0 5 0 6 0
2021/2/10_10:2:1 1 0 2 0 3 0 4 0 5 0 6 0
2021/2/10_10:2:2 1 0 2 0 3 0 4 0 5 0 6 0
2021/2/10_10:2:3 1 0 2 0 3 0 4 0 5 0 6 0
2021/2/10_10:2:4 1 0 2 0 3 0 4 0 5 0 6 0
2021/2/10_10:2:5 1 0 2 0 3 0 4 0 5 0 6 0
2021/2/10_10:2:6 1 0 2 0 3 0 4 0 5 0 6 0
2021/2/10_10:2:7 1 0 2 0 3 0 4 0 5 0 6 0
2021/2/10_10:2:8 1 0 2 0 3 0 4 0 5 0 6 0
2021/2/10_10:2:9 1 0 2 0 3 0 4 0 5 0 6 0
2021/2/10_10:2:10 1 0 2 0 3 0 4 0 5 0 6 0
2021/2/10_10:2:11 1 0 2 0 3 0 4 0 5 0 6 0
2021/2/10_10:2:12 1 0 2 0 3 0 4 0 5 0 6 0
2021/2/10_10:2:13 1 0 2 0 3 0 4 0 5 0 6 0
2021/2/10_10:2:14 1 0 2 0 3 0 4 00 6 0
2021/2/10_10:2:15 1 0 2 0 3 0 4 0 5 0 6 0
2021/2/10_10:2:16 1 0 2 0 3 0 4 0 5 0 6 0
2021/2/10_10:2:17 1 0 2 0 3 0 4 0 5 0 6 0
2021/2/10_10:2:18 1 0 2 0 3 0 4 0 5 0 6 0
2021/2/10_10:2:19 1 0 2 0 3 0 4 0 5 0 6 0
2021/2/10_10:2:21 1 0 2 0 3 0 4 0 5 0 6 0
2021/2/10_10:2:22 1 0 2 0 3 0 4 0 5 0 6 0
2021/2/10_10:2:23 1 0 2 0 3 0 4 0 5 0 6 0
2021/2/10_10:2:24 1 0 2 0 3 0 4 0 5 0 6 0
2021/2/10_10:2:25 1 0 2 0 3 0 4 0 5 0 6 0
2021/2/10_10:2:26 1 0 2 0 3 0 4 0 5 0 6 0
2021/2/10_10:2:27 1 0 2 0 3 0 4 0 5 0 6 0
2021/2/10_10:2:28 1 0 2 0 3 0 4 0 5 0 6 0
2021/2/10_10:2:29 1 0 2 0 3 0 4 0 5 0 6 0
2021/2/10_10:2:30 1 0 2 0 3 0 4 0 5 0 6 0
2021/2/10_10:2:31 1 0 2 0 3 0 4 0 5 0 6 0
2021/2/10_10:2:32 1 0 2 0 3 0 4 0 5 0 6 0
2021/2/10_10:2:33 1 0 2 0 3 0 4 0 5 0 6 0
2021/2/10_10:2:34 1 0 2 0 3 0 4 0 5 0 6 0
2021/2/10_10:2:35 1 0 2 0 3 0 4 0 5 0 6 0
2021/2/10_10:2:36 1 0 2 0 3 0 4 0 5 0 6 0
2021/2/10_10:2:37 1 0 2 0 3 0 4 0 5 0 6 0
2021/2/10_10:2:38 1 0 2 0 3 0 4 0 5 0 6 0
2021/2/10_10:2:39 1 0 2 0 30 4 0 5 0 6 0
2021/2/10_10:2:40 1 0 2 0 3 0 4 0 5 0 6 0
2021/2/10_10:2:41 1 0 2 0 3 0 4 0 5 0 6 0
2021/2/10_10:2:43 1 0 2 0 3 0 4 0 5 0 6 0
2021/2/10_10:2:44 1 0 2 0 3 0 4 0 5 0 6 0
2021/2/10_10:2:45 1 0 2 0 3 0 4 0 5 0 6 0
2021/2/10_10:2:46 1 0 2 0 3 0 4 0 5 0 6 0
2021/2/10_10:2:47 1 0 2 0 3 0 4 0 5 0 6 0
2021/2/10_10:2:48 1 0 2 0 3 0 4 0 5 0 6 0
2021/2/10_10:2:49 1 0 2 0 3 0 4 0 5 0 6 0
2021/2/10_10:2:50 1 0 2 0 3 0 4 0 5 0 6 0
2021/2/10_10:2:51 1 0 2 0 3 0 4 0 5 0 6 0
2021/2/10_10:2:52 1 0 2 0 3 0 4 0 5 0 6 0
2021/2/10_10:2:53 1 0 2 0 3 0 4 0 5 0 6 0
2021/2/10_10:2:54 1 0 2 0 3 0 4 0 5 0 6 0
2021/2/10_10:2:55 1 0 2 0 3 0 4 0 5 0 6 0
2021/2/10_10:2:56 1 0 2 0 3 0 4 0 5 0 6 0
2021/2/10_10:2:57 1 0 2 0 3 0 4 0 5 0 6 0
2021/2/10_10:2:58 1 0 2 0 3 0 4 0 5 0 6 0
2021/2/10_10:2:59 1 0 2 0 3 0 4 0 5 0 6 0
2021/2/10_10:3:0 1 0 2 0 3 0 4 0 5 0 6 0
2021/2/10_10:3:1 1 0 2 0 3 0 4 0 5 0 6 0
2021/2/10_10:3:2 1 0 2 0 3 0 4 0 5 0 6 0
2021/2/10_10:3:3 1 0 2 0 3 0 4 0 5 0 6 0
2021/2/10_10:3:4 1 0 2 03 0 4 0 5 0 6 0
2021/2/10_10:3:5 1 0 2 0 3 0 4 0 5 0 6 0
2021/2/10_10:3:7 1 0 2 0 3 0 4 0 5 0 6 0
2021/2/10_10:3:8 1 0 2 0 3 0 4 0 5 0 6 0
2021/2/10_10:3:9 1 0 2 0 3 0 4 0 5 0 6 0
2021/2/10_10:3:10 1 0 2 0 3 0 4 0 5 0 6 0
2021/2/10_10:3:11 1 0 2 0 3 0 4 0 5 0 6 0
2021/2/10_10:3:12 1 0 2 0 3 0 4 0 5 0 6 0
2021/2/10_10:3:13 1 0 2 0 3 0 4 0 5 0 6 0
2021/2/10_10:3:14 1 0 2 0 3 0 4 0 5 0 6 0
2021/2/10_10:3:15 1 0 2 0 3 0 4 0 5 0 6 0
2021/2/10_10:3:16 1 0 2 0 3 0 4 0 5 0 6 0
2021/2/10_10:3:17 1 0 2 0 3 0 4 0 5 0 6 0
2021/2/10_10:3:18 1 0 2 0 3 0 4 0 5 0 6 0
2021/2/10_10:3:19 1 0 2 0 3 0 4 0 5 0 6 0
2021/2/10_10:3:20 1 0 2 0 3 0 4 0 5 0 6 0
2021/2/10_10:3:21 1 0 2 0 3 0 4 0 5 0 6 0
2021/2/10_10:3:22 1 0 2 0 3 0 4 0 5 0 6 0
2021/2/10_10:3:23 1 0 2 0 3 0 4 0 5 0 6 0
2021/2/10_10:3:24 1 0 2 0 3 0 4 0 5 0 6 0
2021/2/10_10:3:25 1 0 2 0 3 0 4 0 5 0 6 0
2021/2/10_10:3:26 1 0 2 0 3 0 4 0 5 0 6 0
2021/2/10_10:3:27 1 0 2 0 3 0 4 0 5 0 6 0
2021/2/10_10:3:28 1 0 2 0 3 0 4 0 5 0 6 0
2021/2/10_10:3:29 1 00 3 0 4 0 5 0 6 0
2021/2/10_10:3:31 1 0 2 0 3 0 4 0 5 0 6 0
2021/2/10_10:3:32 1 0 2 0 3 0 4 0 5 0 6 0
2021/2/10_10:3:33 1 0 2 0 3 0 4 0 5 0 6 0
2021/2/10_10:3:34 1 0 2 0 3 0 4 0 5 0 6 0
2021/2/10_10:3:35 1 0 2 0 3 0 4 0 5 0 6 0
2021/2/10_10:3:36 1 0 2 0 3 0 4 0 5 0 6 0
2021/2/10_10:3:37 1 0 2 0 3 0 4 0 5 0 6 0
2021/2/10_10:3:38 1 0 2 0 3 0 4 0 5 0 6 0
2021/2/10_10:3:39 1 0 2 0 3 0 4 0 5 0 6 0
2021/2/10_10:3:40 1 0 2 0 3 0 4 0 5 0 6 0
2021/2/10_10:3:41 1 0 2 0 3 0 4 0 5 0 6 0
2021/2/10_10:3:42 1 0 2 0 3 0 4 0 5 0 6 0
2021/2/10_10:3:43 1 0 2 0 3 0 4 0 5 0 6 0
2021/2/10_10:3:44 1 0 2 0 3 0 4 0 5 0 6 0
2021/2/10_10:3:45 1 0 2 0 3 0 4 0 5 0 6 0
2021/2/10_10:3:46 1 0 2 0 3 0 4 0 5 0 6 0
2021/2/10_10:3:47 1 0 2 0 3 0 4 0 5 0 6 0
2021/2/10_10:3:48 1 0 2 0 3 0 4 0 5 0 6 0
2021/2/10_10:3:49 1 0 2 0 3 0 4 0 5 0 6 0
2021/2/10_10:3:50 1 0 2 0 3 0 4 0 5 0 6 0
2021/2/10_10:3:51 1 0 2 0 3 0 4 0 5 0 6 0
2021/2/10_10:3:53 1 0 2 0 3 0 4 0 5 0 6 0
2021/2/10_10:3:54 1 0 2 0 3 0 4 0 5 0 6 0
2021/2/10_10:3:5 1 0 2 0 3 0 4 0 5 0 6 0
2021/2/10_10:3:56 1 0 2 0 3 0 4 0 5 0 6 0
2021/2/10_10:3:57 1 0 2 0 3 0 4 0 5 0 6 0
2021/2/10_10:3:58 1 0 2 0 3 0 4 0 5 0 6 0
2021/2/10_10:3:59 1 0 2 0 3 0 4 0 5 0 6 0
2021/2/10_10:4:0 1 0 2 0 3 0 4 0 5 0 6 0
2021/2/10_10:4:1 1 0 2 0 3 0 4 0 5 0 6 0
2021/2/10_10:4:2 1 0 2 0 3 0 4 0 5 0 6 0
2021/2/10_10:4:3 1 0 2 0 3 0 4 0 5 0 6 0
2021/2/10_10:4:4 1 0 2 0 3 0 4 0 5 0 6 0
2021/2/10_10:4:5 1 0 2 0 3 0 4 0 5 0 6 0
2021/2/10_10:4:6 1 0 2 0 3 0 4 0 5 0 6 0
2021/2/10_10:4:7 1 0 2 0 3 0 4 0 5 0 6 0
2021/2/10_10:4:8 1 0 2 0 3 0 4 0 5 0 6 0
2021/2/10_10:4:9 1 0 2 0 3 0 4 0 5 0 6 0
2021/2/10_10:4:10 1 0 2 0 3 0 4 0 5 0 6 0
2021/2/10_10:4:11 1 0 2 0 3 0 4 0 5 0 6 0
2021/2/10_10:4:12 1 0 2 0 3 0 4 0 5 0 6 0
2021/2/10_10:4:13 1 0 2 0 3 0 4 0 5 0 6 0
2021/2/10_10:4:14 1 0 2 0 3 0 4 0 5 0 6 0
2021/2/10_10:4:16 1 0 2 0 3 0 4 0 5 0 6 0
2021/2/10_10:4:17 1 0 2 0 3 0 4 0 5 0 6 0
2021/2/10_10:4:18 1 0 2 0 3 0 4 0 5 0 6 0
2021/2/10_10:4:19 1 0 2 0 3 0 4 0 5 0 6 0
2021/2/10_10:4:200 2 0 3 0 4 0 5 0 6 0
2021/2/10_10:4:21 1 0 2 0 3 0 4 0 5 0 6 0
2021/2/10_10:4:22 1 0 2 0 3 0 4 0 5 0 6 0
2021/2/10_10:4:23 1 0 2 0 3 0 4 0 5 0 6 0
2021/2/10_10:4:24 1 0 2 0 3 0 4 0 5 0 6 0
2021/2/10_10:4:25 1 0 2 0 3 0 4 0 5 0 6 0
2021/2/10_10:4:26 1 0 2 0 3 0 4 0 5 0 6 0
2021/2/10_10:4:27 1 0 2 0 3 0 4 0 5 0 6 0
2021/2/10_10:4:28 1 0 2 0 3 0 4 0 5 0 6 0
2021/2/10_10:4:29 1 0 2 0 3 0 4 0 5 0 6 0
2021/2/10_10:4:30 1 0 2 0 3 0 4 0 5 0 6 0
2021/2/10_10:4:31 1 0 2 0 3 0 4 0 5 0 6 0
2021/2/10_10:4:32 1 0 2 0 3 0 4 0 5 0 6 0
2021/2/10_10:4:33 1 0 2 0 3 0 4 0 5 0 6 0
2021/2/10_10:4:34 1 0 2 0 3 0 4 0 5 0 6 0
2021/2/10_10:4:35 1 0 2 0 3 0 4 0 5 0 6 0
2021/2/10_10:4:36 1 0 2 0 3 0 4 0 5 0 6 0
2021/2/10_10:4:37 1 0 2 0 3 0 4 0 5 0 6 0
2021/2/10_10:4:39 1 0 2 0 3 0 4 0 5 0 6 0
2021/2/10_10:4:40 1 0 2 0 3 0 4 0 5 0 6 0
2021/2/10_10:4:41 1 0 2 0 3 0 4 0 5 0 6 0
2021/2/10_10:4:42 1 0 2 0 3 0 4 0 5 0 6 0
2021/2/10_10:4:43 1 0 2 0 3 0 4 0 5 0 6 0
2021/2/10_10:4:44 1 0 2 0 3 0 4 0 5 0 6 0
2021/2/10_1:4:45 1 0 2 0 3 0 4 0 5 0 6 0
2021/2/10_10:4:46 1 0 2 0 3 0 4 0 5 0 6 0
2021/2/10_10:4:47 1 0 2 0 3 0 4 0 5 0 6 0
2021/2/10_10:4:48 1 0 2 0 3 0 4 0 5 0 6 0
2021/2/10_10:4:49 1 0 2 0 3 0 4 0 5 0 6 0
2021/2/10_10:4:50 1 0 2 0 3 0 4 0 5 0 6 0
2021/2/10_10:4:51 1 0 2 0 3 0 4 0 5 0 6 0
2021/2/10_10:4:52 1 0 2 0 3 0 4 0 5 0 6 0
2021/2/10_10:4:53 1 0 2 0 3 0 4 0 5 0 6 0
2021/2/10_10:4:54 1 0 2 0 3 0 4 0 5 0 6 0
2021/2/10_10:4:55 1 0 2 0 3 0 4 0 5 0 6 0
2021/2/10_10:4:56 1 0 2 0 3 0 4 0 5 0 6 0
2021/2/10_10:4:57 1 0 2 0 3 0 4 0 5 0 6 0
2021/2/10_10:4:58 1 0 2 0 3 0 4 0 5 0 6 0
2021/2/10_10:4:59 1 0 2 0 3 0 4 0 5 0 6 0
2021/2/10_10:5:0 1 0 2 0 3 0 4 0 5 0 6 0
2021/2/10_10:5:2 1 0 2 0 3 0 4 0 5 0 6 0
2021/2/10_10:5:3 1 0 2 0 3 0 4 0 5 0 6 0
2021/2/10_10:5:4 1 0 2 0 3 0 4 0 5 0 6 0
2021/2/10_10:5:5 1 0 2 0 3 0 4 0 5 0 6 0
2021/2/10_10:5:6 1 0 2 0 3 0 4 0 5 0 6 0
2021/2/10_10:5:7 1 0 2 0 3 0 4 0 5 0 6 0
2021/2/10_10:5:8 1 0 2 0 3 0 4 0 5 0 6 0
2021/2/10_10:5:9 1 0 2 0 3 0 4 0 5 0 6 0
2021/2/10_10::10 1 0 2 0 3 0 4 0 5 0 6 0
2021/2/10_10:5:11 1 0 2 0 3 0 4 0 5 0 6 0
2021/2/10_10:5:12 1 0 2 0 3 0 4 0 5 0 6 0
2021/2/10_10:5:13 1 0 2 0 3 0 4 0 5 0 6 0
2021/2/10_10:5:14 1 0 2 0 3 0 4 0 5 0 6 0
2021/2/10_10:5:15 1 0 2 0 3 0 4 0 5 0 6 0
2021/2/10_10:5:16 1 0 2 0 3 0 4 0 5 0 6 0
2021/2/10_10:5:17 1 0 2 0 3 0 4 0 5 0 6 0
2021/2/10_10:5:18 1 0 2 0 3 0 4 0 5 0 6 0
2021/2/10_10:5:19 1 0 2 0 3 0 4 0 5 0 6 0
2021/2/10_10:5:20 1 0 2 0 3 0 4 0 5 0 6 0
2021/2/10_10:5:21 1 0 2 0 3 0 4 0 5 0 6 0
2021/2/10_10:5:22 1 0 2 0 3 0 4 0 5 0 6 0
2021/2/10_10:5:23 1 0 2 0 3 0 4 0 5 0 6 0
2021/2/10_10:5:25 1 0 2 0 3 0 4 0 5 0 6 0
2021/2/10_10:5:26 1 0 2 0 3 0 4 0 5 0 6 0
2021/2/10_10:5:27 1 0 2 0 3 0 4 0 5 0 6 0
2021/2/10_10:5:28 1 0 2 0 3 0 4 0 5 0 6 0
2021/2/10_10:5:29 1 0 2 0 3 0 4 0 5 0 6 0
2021/2/10_10:5:30 1 0 2 0 3 0 4 0 5 0 6 0
2021/2/10_10:5:31 1 0 2 0 3 0 4 0 5 0 6 0
2021/2/10_10:5:32 1 0 2 0 3 0 4 0 5 0 6 0
2021/2/10_10:5:33 1 0 2 0 3 0 4 0 5 0 6 0
2021/2/10_10:5:34 1 0 2 0 3 0 4 0 5 0 6 0
2021/210_10:5:35 1 0 2 0 3 0 4 0 5 0 6 0
2021/2/10_10:5:36 1 0 2 0 3 0 4 0 5 0 6 0
2021/2/10_10:5:37 1 0 2 0 3 0 4 0 5 0 6 0
2021/2/10_10:5:38 1 0 2 0 3 0 4 0 5 0 6 0
2021/2/10_10:5:39 1 0 2 0 3 0 4 0 5 0 6 0
2021/2/10_10:5:40 1 0 2 0 3 0 4 0 5 0 6 0
2021/2/10_10:5:41 1 0 2 0 3 0 4 0 5 0 6 0
2021/2/10_10:5:42 1 0 2 0 3 0 4 0 5 0 6 0
2021/2/10_10:5:43 1 0 2 0 3 0 4 0 5 0 6 0
2021/2/10_10:5:44 1 0 2 0 3 0 4 0 5 0 6 0
2021/2/10_10:5:45 1 0 2 0 3 0 4 0 5 0 6 0
2021/2/10_10:5:46 1 0 2 0 3 0 4 0 5 0 6 0
2021/2/10_10:5:48 1 0 2 0 3 0 4 0 5 0 6 0
2021/2/10_10:5:49 1 0 2 0 3 0 4 0 5 0 6 0
2021/2/10_10:5:50 1 0 2 0 3 0 4 0 5 0 6 0
2021/2/10_10:5:51 1 0 2 0 3 0 4 0 5 0 6 0
2021/2/10_10:5:52 1 0 2 0 3 0 4 0 5 0 6 0
2021/2/10_10:5:53 1 0 2 0 3 0 4 0 5 0 6 0
2021/2/10_10:5:54 1 0 2 0 3 0 4 0 5 0 6 0
2021/2/10_10:5:55 1 0 2 0 3 0 4 0 5 0 6 0
2021/2/10_10:5:56 1 0 2 0 3 0 4 0 5 0 6 0
2021/2/10_10:5:57 1 0 2 0 3 0 4 0 5 0 6 0
2021/2/10_10:5:58 1 0 2 0 3 0 4 0 5 0 6 0
2021/2/10_10:5:59 1 0 2 0 3 0 4 0 5 0 6 02021/2/10_10:6:0 1 0 2 0 3 0 4 0 5 0 6 0
2021/2/10_10:6:1 1 0 2 0 3 0 4 0 5 0 6 0
2021/2/10_10:6:2 1 0 2 0 3 0 4 0 5 0 6 0
2021/2/10_10:6:3 1 0 2 0 3 0 4 0 5 0 6 0
2021/2/10_10:6:4 1 0 2 0 3 0 4 0 5 0 6 0
2021/2/10_10:6:5 1 0 2 0 3 0 4 0 5 0 6 0
2021/2/10_10:6:6 1 0 2 0 3 0 4 0 5 0 6 0
2021/2/10_10:6:7 1 0 2 0 3 0 4 0 5 0 6 0
2021/2/10_10:6:8 1 0 2 0 3 0 4 0 5 0 6 0
2021/2/10_10:6:9 1 0 2 0 3 0 4 0 5 0 6 0
2021/2/10_10:6:11 1 0 2 0 3 0 4 0 5 0 6 0
2021/2/10_10:6:12 1 0 2 0 3 0 4 0 5 0 6 0
2021/2/10_10:6:13 1 0 2 0 3 0 4 0 5 0 6 0
2021/2/10_10:6:14 1 0 2 0 3 0 4 0 5 0 6 0
2021/2/10_10:6:15 1 0 2 0 3 0 4 0 5 0 6 0
2021/2/10_10:6:16 1 0 2 0 3 0 4 0 5 0 6 0
2021/2/10_10:6:17 1 0 2 0 3 0 4 0 5 0 6 0
2021/2/10_10:6:18 1 0 2 0 3 0 4 0 5 0 6 0
2021/2/10_10:6:19 1 0 2 0 3 0 4 0 5 0 6 0
2021/2/10_10:6:20 1 0 2 0 3 0 4 0 5 0 6 0
2021/2/10_10:6:21 1 0 2 0 3 0 4 0 5 0 6 0
2021/2/10_10:6:22 1 0 2 0 3 0 4 0 5 0 6 0
2021/2/10_10:6:23 1 0 2 0 3 0 4 0 5 0 6 0
2021/2/10_10:6:24 1 0 2 0 3 0 4 0 5 0 6 0
201/2/10_10:6:25 1 0 2 0 3 0 4 0 5 0 6 0
2021/2/10_10:6:26 1 0 2 0 3 0 4 0 5 0 6 0
2021/2/10_10:6:27 1 0 2 0 3 0 4 0 5 0 6 0
2021/2/10_10:6:28 1 0 2 0 3 0 4 0 5 0 6 0
2021/2/10_10:6:29 1 0 2 0 3 0 4 0 5 0 6 0
2021/2/10_10:6:30 1 0 2 0 3 0 4 0 5 0 6 0
2021/2/10_10:6:31 1 0 2 0 3 0 4 0 5 0 6 0
2021/2/10_10:6:32 1 0 2 0 3 0 4 0 5 0 6 0
2021/2/10_10:6:34 1 0 2 0 3 0 4 0 5 0 6 0
2021/2/10_10:6:35 1 0 2 0 3 0 4 0 5 0 6 0
2021/2/10_10:6:36 1 0 2 0 3 0 4 0 5 0 6 0
2021/2/10_10:6:37 1 0 2 0 3 0 4 0 5 0 6 0
2021/2/10_10:6:38 1 0 2 0 3 0 4 0 5 0 6 0
2021/2/10_10:6:39 1 0 2 0 3 0 4 0 5 0 6 0
2021/2/10_10:6:40 1 0 2 0 3 0 4 0 5 0 6 0
2021/2/10_10:6:41 1 0 2 0 3 0 4 0 5 0 6 0
2021/2/10_10:6:42 1 0 2 0 3 0 4 0 5 0 6 0
2021/2/10_10:6:43 1 0 2 0 3 0 4 0 5 0 6 0
2021/2/10_10:6:44 1 0 2 0 3 0 4 0 5 0 6 0
2021/2/10_10:6:45 1 0 2 0 3 0 4 0 5 0 6 0
2021/2/10_10:6:46 1 0 2 0 3 0 4 0 5 0 6 0
2021/2/10_10:6:47 1 0 2 0 3 0 4 0 5 0 6 0
2021/2/10_10:6:48 1 0 2 0 3 0 4 0 5 0 6 0
2021/2/10_10:6:49 1 0 2 0 3 0 4 0 5 00
2021/2/10_10:6:50 1 0 2 0 3 0 4 0 5 0 6 0
2021/2/10_10:6:51 1 0 2 0 3 0 4 0 5 0 6 0
2021/2/10_10:6:52 1 0 2 0 3 0 4 0 5 0 6 0
2021/2/10_10:6:53 1 0 2 0 3 0 4 0 5 0 6 0
2021/2/10_10:6:54 1 0 2 0 3 0 4 0 5 0 6 0
2021/2/10_10:6:56 1 0 2 0 3 0 4 0 5 0 6 0
2021/2/10_10:6:57 1 0 2 0 3 0 4 0 5 0 6 0
2021/2/10_10:6:58 1 0 2 0 3 0 4 0 5 0 6 0
2021/2/10_10:6:59 1 0 2 0 3 0 4 0 5 0 6 0
2021/2/10_10:7:0 1 0 2 0 3 0 4 0 5 0 6 0
2021/2/10_10:7:1 1 0 2 0 3 0 4 0 5 0 6 0
2021/2/10_10:7:2 1 0 2 0 3 0 4 0 5 0 6 0
2021/2/10_10:7:3 1 0 2 0 3 0 4 0 5 0 6 0
2021/2/10_10:7:4 1 0 2 0 3 0 4 0 5 0 6 0
2021/2/10_10:7:5 1 0 2 0 3 0 4 0 5 0 6 0
2021/2/10_10:7:6 1 0 2 0 3 0 4 0 5 0 6 0
2021/2/10_10:7:7 1 0 2 0 3 0 4 0 5 0 6 0
2021/2/10_10:7:8 1 0 2 0 3 0 4 0 5 0 6 0
2021/2/10_10:7:9 1 0 2 0 3 0 4 0 5 0 6 0
2021/2/10_10:7:10 1 0 2 0 3 0 4 0 5 0 6 0
2021/2/10_10:7:11 1 0 2 0 3 0 4 0 5 0 6 0
2021/2/10_10:7:12 1 0 2 0 3 0 4 0 5 0 6 0
2021/2/10_10:7:13 1 0 2 0 3 0 4 0 5 0 6 0
2021/2/10_10:7:14 1 0 2 0 3 0 4 0 5 0 6 02021/2/10_10:7:15 1 0 2 0 3 0 4 0 5 0 6 0
2021/2/10_10:7:16 1 0 2 0 3 0 4 0 5 0 6 0
2021/2/10_10:7:17 1 0 2 0 3 0 4 0 5 0 6 0
2021/2/10_10:7:18 1 0 2 0 3 0 4 0 5 0 6 0
2021/2/10_10:7:20 1 0 2 0 3 0 4 0 5 0 6 0
2021/2/10_10:7:21 1 0 2 0 3 0 4 0 5 0 6 0
2021/2/10_10:7:22 1 0 2 0 3 0 4 0 5 0 6 0
2021/2/10_10:7:23 1 0 2 0 3 0 4 0 5 0 6 0
2021/2/10_10:7:24 1 0 2 0 3 0 4 0 5 0 6 0
2021/2/10_10:7:25 1 0 2 0 3 0 4 0 5 0 6 0
2021/2/10_10:7:26 1 0 2 0 3 0 4 0 5 0 6 0
2021/2/10_10:7:27 1 0 2 0 3 0 4 0 5 0 6 0
2021/2/10_10:7:28 1 0 2 0 3 0 4 0 5 0 6 0
2021/2/10_10:7:29 1 0 2 0 3 0 4 0 5 0 6 0
2021/2/10_10:7:30 1 0 2 0 3 0 4 0 5 0 6 0
2021/2/10_10:7:31 1 0 2 0 3 0 4 0 5 0 6 0
2021/2/10_10:7:32 1 0 2 0 3 0 4 0 5 0 6 0
2021/2/10_10:7:33 1 0 2 0 3 0 4 0 5 0 6 0
2021/2/10_10:7:34 1 0 2 0 3 0 4 0 5 0 6 0
2021/2/10_10:7:35 1 0 2 0 3 0 4 0 5 0 6 0
2021/2/10_10:7:36 1 0 2 0 3 0 4 0 5 0 6 0
2021/2/10_10:7:37 1 0 2 0 3 0 4 0 5 0 6 0
2021/2/10_10:7:38 1 0 2 0 3 0 4 0 5 0 6 0
2021/2/10_10:7:39 1 0 2 0 3 0 4 00 6 0
2021/2/10_10:7:40 1 0 2 0 3 0 4 0 5 0 6 0
2021/2/10_10:7:42 1 0 2 0 3 0 4 0 5 0 6 0
2021/2/10_10:7:43 1 0 2 0 3 0 4 0 5 0 6 0
2021/2/10_10:7:44 1 0 2 0 3 0 4 0 5 0 6 0
2021/2/10_10:7:45 1 0 2 0 3 0 4 0 5 0 6 0
2021/2/10_10:7:46 1 0 2 0 3 0 4 0 5 0 6 0
2021/2/10_10:7:47 1 0 2 0 3 0 4 0 5 0 6 0
2021/2/10_10:7:48 1 0 2 0 3 0 4 0 5 0 6 0
2021/2/10_10:7:49 1 0 2 0 3 0 4 0 5 0 6 0
2021/2/10_10:7:50 1 0 2 0 3 0 4 0 5 0 6 0
2021/2/10_10:7:51 1 0 2 0 3 0 4 0 5 0 6 0
2021/2/10_10:7:52 1 0 2 0 3 0 4 0 5 0 6 0
2021/2/10_10:7:53 1 0 2 0 3 0 4 0 5 0 6 0
2021/2/10_10:7:54 1 0 2 0 3 0 4 0 5 0 6 0
2021/2/10_10:7:55 1 0 2 0 3 0 4 0 5 0 6 0
2021/2/10_10:7:56 1 0 2 0 3 0 4 0 5 0 6 0
2021/2/10_10:7:57 1 0 2 0 3 0 4 0 5 0 6 0
2021/2/10_10:7:58 1 0 2 0 3 0 4 0 5 0 6 0
2021/2/10_10:7:59 1 0 2 0 3 0 4 0 5 0 6 0
2021/2/10_10:8:0 1 0 2 0 3 0 4 0 5 0 6 0
2021/2/10_10:8:1 1 0 2 0 3 0 4 0 5 0 6 0
2021/2/10_10:8:2 1 0 2 0 3 0 4 0 5 0 6 0
2021/2/10_10:8:3 1 0 2 0 3 0 4 0 5 0 6 0
2021/2/10_10:8:5 1 0 2 0 3 0 45 0 6 0
2021/2/10_10:8:6 1 0 2 0 3 0 4 0 5 0 6 0
2021/2/10_10:8:7 1 0 2 0 3 0 4 0 5 0 6 0
2021/2/10_10:8:8 1 0 2 0 3 0 4 0 5 0 6 0
2021/2/10_10:8:9 1 0 2 0 3 0 4 0 5 0 6 0
2021/2/10_10:8:10 1 0 2 0 3 0 4 0 5 0 6 0
2021/2/10_10:8:11 1 0 2 0 3 0 4 0 5 0 6 0
2021/2/10_10:8:12 1 0 2 0 3 0 4 0 5 0 6 0
2021/2/10_10:8:13 1 0 2 0 3 0 4 0 5 0 6 0
2021/2/10_10:8:14 1 0 2 0 3 0 4 0 5 0 6 0
2021/2/10_10:8:15 1 0 2 0 3 0 4 0 5 0 6 0
2021/2/10_10:8:16 1 0 2 0 3 0 4 0 5 0 6 0
2021/2/10_10:8:17 1 0 2 0 3 0 4 0 5 0 6 0
2021/2/10_10:8:18 1 0 2 0 3 0 4 0 5 0 6 0
2021/2/10_10:8:19 1 0 2 0 3 0 4 0 5 0 6 0
2021/2/10_10:8:20 1 0 2 0 3 0 4 0 5 0 6 0
2021/2/10_10:8:21 1 0 2 0 3 0 4 0 5 0 6 0
2021/2/10_10:8:22 1 0 2 0 3 0 4 0 5 0 6 0
2021/2/10_10:8:23 1 0 2 0 3 0 4 0 5 0 6 0
2021/2/10_10:8:24 1 0 2 0 3 0 4 0 5 0 6 0
2021/2/10_10:8:25 1 0 2 0 3 0 4 0 5 0 6 0
2021/2/10_10:8:26 1 0 2 0 3 0 4 0 5 0 6 0
2021/2/10_10:8:27 1 0 2 0 3 0 4 0 5 0 6 0
2021/2/10_10:8:29 1 0 2 0 3 0 4 0 5 0 6 0
2021/2/10_10:8:30 1 0 2 0 3 04 0 5 0 6 0
2021/2/10_10:8:31 1 0 2 0 3 0 4 0 5 0 6 0
2021/2/10_10:8:32 1 0 2 0 3 0 4 0 5 0 6 0
2021/2/10_10:8:33 1 0 2 0 3 0 4 0 5 0 6 0
2021/2/10_10:8:34 1 0 2 0 3 0 4 0 5 0 6 0
2021/2/10_10:8:35 1 0 2 0 3 0 4 0 5 0 6 0
2021/2/10_10:8:36 1 0 2 0 3 0 4 0 5 0 6 0
2021/2/10_10:8:37 1 0 2 0 3 0 4 0 5 0 6 0
2021/2/10_10:8:38 1 0 2 0 3 0 4 0 5 0 6 0
2021/2/10_10:8:39 1 0 2 0 3 0 4 0 5 0 6 0
2021/2/10_10:8:40 1 0 2 0 3 0 4 0 5 0 6 0
2021/2/10_10:8:41 1 0 2 0 3 0 4 0 5 0 6 0
2021/2/10_10:8:42 1 0 2 0 3 0 4 0 5 0 6 0
2021/2/10_10:8:43 1 0 2 0 3 0 4 0 5 0 6 0
2021/2/10_10:8:44 1 0 2 0 3 0 4 0 5 0 6 0
2021/2/10_10:8:45 1 0 2 0 3 0 4 0 5 0 6 0
2021/2/10_10:8:46 1 0 2 0 3 0 4 0 5 0 6 0
2021/2/10_10:8:47 1 0 2 0 3 0 4 0 5 0 6 0
2021/2/10_10:8:48 1 0 2 0 3 0 4 0 5 0 6 0
2021/2/10_10:8:49 1 0 2 0 3 0 4 0 5 0 6 0
2021/2/10_10:8:51 1 0 2 0 3 0 4 0 5 0 6 0
2021/2/10_10:8:52 1 0 2 0 3 0 4 0 5 0 6 0
2021/2/10_10:8:53 1 0 2 0 3 0 4 0 5 0 6 0
2021/2/10_10:8:54 1 0 2 0 3 0 4 0 5 0 6 0
2021/2/10_10:8:55 1 00 3 0 4 0 5 0 6 0
2021/2/10_10:8:56 1 0 2 0 3 0 4 0 5 0 6 0
2021/2/10_10:8:57 1 0 2 0 3 0 4 0 5 0 6 0
2021/2/10_10:8:58 1 0 2 0 3 0 4 0 5 0 6 0
2021/2/10_10:8:59 1 0 2 0 3 0 4 0 5 0 6 0
2021/2/10_10:9:0 1 0 2 0 3 0 4 0 5 0 6 0
2021/2/10_10:9:1 1 0 2 0 3 0 4 0 5 0 6 0
2021/2/10_10:9:2 1 0 2 0 3 0 4 0 5 0 6 0
2021/2/10_10:9:3 1 0 2 0 3 0 4 0 5 0 6 0
2021/2/10_10:9:4 1 0 2 0 3 0 4 0 5 0 6 0
2021/2/10_10:9:5 1 0 2 0 3 0 4 0 5 0 6 0
2021/2/10_10:9:6 1 0 2 0 3 0 4 0 5 0 6 0
2021/2/10_10:9:7 1 0 2 0 3 0 4 0 5 0 6 0
2021/2/10_10:9:8 1 0 2 0 3 0 4 0 5 0 6 0
2021/2/10_10:9:9 1 0 2 0 3 0 4 0 5 0 6 0
2021/2/10_10:9:10 1 0 2 0 3 0 4 0 5 0 6 0
2021/2/10_10:9:11 1 0 2 0 3 0 4 0 5 0 6 0
2021/2/10_10:9:13 1 0 2 0 3 0 4 0 5 0 6 0
2021/2/10_10:9:14 1 0 2 0 3 0 4 0 5 0 6 0
2021/2/10_10:9:15 1 0 2 0 3 0 4 0 5 0 6 0
2021/2/10_10:9:16 1 0 2 0 3 0 4 0 5 0 6 0
2021/2/10_10:9:17 1 0 2 0 3 0 4 0 5 0 6 0
2021/2/10_10:9:18 1 0 2 0 3 0 4 0 5 0 6 0
2021/2/10_10:9:19 1 0 2 0 3 0 4 0 5 0 6 0
2021/2/10_10:9:20 1 0 2 03 0 4 0 5 0 6 0
2021/2/10_10:9:21 1 0 2 0 3 0 4 0 5 0 6 0
2021/2/10_10:9:22 1 0 2 0 3 0 4 0 5 0 6 0
2021/2/10_10:9:23 1 0 2 0 3 0 4 0 5 0 6 0
2021/2/10_10:9:24 1 0 2 0 3 0 4 0 5 0 6 0
2021/2/10_10:9:25 1 0 2 0 3 0 4 0 5 0 6 0
2021/2/10_10:9:26 1 0 2 0 3 0 4 0 5 0 6 0
2021/2/10_10:9:27 1 0 2 0 3 0 4 0 5 0 6 0
2021/2/10_10:9:28 1 0 2 0 3 0 4 0 5 0 6 0
2021/2/10_10:9:29 1 0 2 0 3 0 4 0 5 0 6 0
2021/2/10_10:9:30 1 0 2 0 3 0 4 0 5 0 6 0
2021/2/10_10:9:31 1 0 2 0 3 0 4 0 5 0 6 0
2021/2/10_10:9:32 1 0 2 0 3 0 4 0 5 0 6 0
2021/2/10_10:9:33 1 0 2 0 3 0 4 0 5 0 6 0
2021/2/10_10:9:34 1 0 2 0 3 0 4 0 5 0 6 0
2021/2/10_10:9:35 1 0 2 0 3 0 4 0 5 0 6 0
2021/2/10_10:9:37 1 0 2 0 3 0 4 0 5 0 6 0
2021/2/10_10:9:38 1 0 2 0 3 0 4 0 5 0 6 0
2021/2/10_10:9:39 1 0 2 0 3 0 4 0 5 0 6 0
2021/2/10_10:9:40 1 0 2 0 3 0 4 0 5 0 6 0
2021/2/10_10:9:41 1 0 2 0 3 0 4 0 5 0 6 0
2021/2/10_10:9:42 1 0 2 0 3 0 4 0 5 0 6 0
2021/2/10_10:9:43 1 0 2 0 3 0 4 0 5 0 6 0
2021/2/10_10:9:44 1 0 2 0 3 0 4 0 5 0 6 0
2021/2/10_10:9:450 2 0 3 0 4 0 5 0 6 0
2021/2/10_10:9:46 1 0 2 0 3 0 4 0 5 0 6 0
2021/2/10_10:9:47 1 0 2 0 3 0 4 0 5 0 6 0
2021/2/10_10:9:48 1 0 2 0 3 0 4 0 5 0 6 0
2021/2/10_10:9:49 1 0 2 0 3 0 4 0 5 0 6 0
2021/2/10_10:9:50 1 0 2 0 3 0 4 0 5 0 6 0
2021/2/10_10:9:51 1 0 2 0 3 0 4 0 5 0 6 0
2021/2/10_10:9:52 1 0 2 0 3 0 4 0 5 0 6 0
2021/2/10_10:9:53 1 0 2 0 3 0 4 0 5 0 6 0
2021/2/10_10:9:54 1 0 2 0 3 0 4 0 5 0 6 0
2021/2/10_10:9:55 1 0 2 0 3 0 4 0 5 0 6 0
2021/2/10_10:9:56 1 0 2 0 3 0 4 0 5 0 6 0
2021/2/10_10:9:57 1 0 2 0 3 0 4 0 5 0 6 0
2021/2/10_10:9:59 1 0 2 0 3 0 4 0 5 0 6 0
2021/2/10_10:10:0 1 0 2 0 3 0 4 0 5 0 6 0
2021/2/10_10:10:1 1 0 2 0 3 0 4 0 5 0 6 0
2021/2/10_10:10:2 1 0 2 0 3 0 4 0 5 0 6 0
2021/2/10_10:10:3 1 0 2 0 3 0 4 0 5 0 6 0
2021/2/10_10:10:4 1 0 2 0 3 0 4 0 5 0 6 0
2021/2/10_10:10:5 1 0 2 0 3 0 4 0 5 0 6 0
2021/2/10_10:10:6 1 0 2 0 3 0 4 0 5 0 6 0
2021/2/10_10:10:7 1 0 2 0 3 0 4 0 5 0 6 0
2021/2/10_10:10:8 1 0 2 0 3 0 4 0 5 0 6 0
2021/2/10_10:10:9 1 0 2 0 3 0 4 0 5 0 6 0
2021/2/10_1:10:10 1 0 2 0 3 0 4 0 5 0 6 0
2021/2/10_10:10:11 1 0 2 0 3 0 4 0 5 0 6 0
2021/2/10_10:10:12 1 0 2 0 3 0 4 0 5 0 6 0
2021/2/10_10:10:13 1 0 2 0 3 0 4 0 5 0 6 0
2021/2/10_10:10:14 1 0 2 0 3 0 4 0 5 0 6 0
2021/2/10_10:10:15 1 0 2 0 3 0 4 0 5 0 6 0
2021/2/10_10:10:16 1 0 2 0 3 0 4 0 5 0 6 0
2021/2/10_10:10:17 1 0 2 0 3 0 4 0 5 0 6 0
2021/2/10_10:10:18 1 0 2 0 3 0 4 0 5 0 6 0
2021/2/10_10:10:19 1 0 2 0 3 0 4 0 5 0 6 0
2021/2/10_10:10:21 1 0 2 0 3 0 4 0 5 0 6 0
2021/2/10_10:10:22 1 0 2 0 3 0 4 0 5 0 6 0
2021/2/10_10:10:23 1 0 2 0 3 0 4 0 5 0 6 0
2021/2/10_10:10:24 1 0 2 0 3 0 4 0 5 0 6 0
2021/2/10_10:10:25 1 0 2 0 3 0 4 0 5 0 6 0
2021/2/10_10:10:26 1 0 2 0 3 0 4 0 5 0 6 0
2021/2/10_10:10:27 1 0 2 0 3 0 4 0 5 0 6 0
2021/2/10_10:10:28 1 0 2 0 3 0 4 0 5 0 6 0
2021/2/10_10:10:29 1 0 2 0 3 0 4 0 5 0 6 0
2021/2/10_10:10:30 1 0 2 0 3 0 4 0 5 0 6 0
2021/2/10_10:10:31 1 0 2 0 3 0 4 0 5 0 6 0
2021/2/10_10:10:32 1 0 2 0 3 0 4 0 5 0 6 0
2021/2/10_10:10:33 1 0 2 0 3 0 4 0 5 0 6 0
2021/2/10_10:10:34 1 0 20 3 0 4 0 5 0 6 0
2021/2/10_10:10:35 1 0 2 0 3 0 4 0 5 0 6 0
2021/2/10_10:10:36 1 0 2 0 3 0 4 0 5 0 6 0
2021/2/10_10:10:37 1 0 2 0 3 0 4 0 5 0 6 0
2021/2/10_10:10:38 1 0 2 0 3 0 4 0 5 0 6 0
2021/2/10_10:10:39 1 0 2 0 3 0 4 0 5 0 6 0
2021/2/10_10:10:40 1 0 2 0 3 0 4 0 5 0 6 0
2021/2/10_10:10:41 1 0 2 0 3 0 4 0 5 0 6 0
2021/2/10_10:10:42 1 0 2 0 3 0 4 0 5 0 6 0
2021/2/10_10:10:43 1 0 2 0 3 0 4 0 5 0 6 0
2021/2/10_10:10:45 1 0 2 0 3 0 4 0 5 0 6 0
2021/2/10_10:10:46 1 0 2 0 3 0 4 0 5 0 6 0
2021/2/10_10:10:47 1 0 2 0 3 0 4 0 5 0 6 0
2021/2/10_10:10:48 1 0 2 0 3 0 4 0 5 0 6 0
2021/2/10_10:10:49 1 0 2 0 3 0 4 0 5 0 6 0
2021/2/10_10:10:50 1 0 2 0 3 0 4 0 5 0 6 0
2021/2/10_10:10:51 1 0 2 0 3 0 4 0 5 0 6 0
2021/2/10_10:10:52 1 0 2 0 3 0 4 0 5 0 6 0
2021/2/10_10:10:53 1 0 2 0 3 0 4 0 5 0 6 0
2021/2/10_10:10:54 1 0 2 0 3 0 4 0 5 0 6 0
2021/2/10_10:10:55 1 0 2 0 3 0 4 0 5 0 6 0
2021/2/10_10:10:56 1 0 2 0 3 0 4 0 5 0 6 0
2021/2/10_10:10:57 1 0 2 0 3 0 4 0 5 0 6 0
2021/2/10_10:10:58 1 0 2 0 3 0 4 0 56 0
2021/2/10_10:10:59 1 0 2 0 3 0 4 0 5 0 6 0
2021/2/10_10:11:0 1 0 2 0 3 0 4 0 5 0 6 0
2021/2/10_10:11:1 1 0 2 0 3 0 4 0 5 0 6 0
2021/2/10_10:11:2 1 0 2 0 3 0 4 0 5 0 6 0
2021/2/10_10:11:3 1 0 2 0 3 0 4 0 5 0 6 0
2021/2/10_10:11:4 1 0 2 0 3 0 4 0 5 0 6 0
2021/2/10_10:11:5 1 0 2 0 3 0 4 0 5 0 6 0
2021/2/10_10:11:6 1 0 2 0 3 0 4 0 5 0 6 0
2021/2/10_10:11:8 1 0 2 0 3 0 4 0 5 0 6 0
2021/2/10_10:11:9 1 0 2 0 3 0 4 0 5 0 6 0
2021/2/10_10:11:10 1 0 2 0 3 0 4 0 5 0 6 0
2021/2/10_10:11:11 1 0 2 0 3 0 4 0 5 0 6 0
2021/2/10_10:11:12 1 0 2 0 3 0 4 0 5 0 6 0
2021/2/10_10:11:13 1 0 2 0 3 0 4 0 5 0 6 0
2021/2/10_10:11:14 1 0 2 0 3 0 4 0 5 0 6 0
2021/2/10_10:11:15 1 0 2 0 3 0 4 0 5 0 6 0
2021/2/10_10:11:16 1 0 2 0 3 0 4 0 5 0 6 0
2021/2/10_10:11:17 1 0 2 0 3 0 4 0 5 0 6 0
2021/2/10_10:11:18 1 0 2 0 3 0 4 0 5 0 6 0
2021/2/10_10:11:19 1 0 2 0 3 0 4 0 5 0 6 0
2021/2/10_10:11:20 1 0 2 0 3 0 4 0 5 0 6 0
2021/2/10_10:11:21 1 0 2 0 3 0 4 0 5 0 6 0
2021/2/10_10:11:22 1 0 2 0 3 0 4 0 5 0 6 0
2021/2/10_10:1123 1 0 2 0 3 0 4 0 5 0 6 0
2021/2/10_10:11:24 1 0 2 0 3 0 4 0 5 0 6 0
2021/2/10_10:11:25 1 0 2 0 3 0 4 0 5 0 6 0
2021/2/10_10:11:26 1 0 2 0 3 0 4 0 5 0 6 0
2021/2/10_10:11:27 1 0 2 0 3 0 4 0 5 0 6 0
2021/2/10_10:11:28 1 0 2 0 3 0 4 0 5 0 6 0
2021/2/10_10:11:30 1 0 2 0 3 0 4 0 5 0 6 0
2021/2/10_10:11:31 1 0 2 0 3 0 4 0 5 0 6 0
2021/2/10_10:11:32 1 0 2 0 3 0 4 0 5 0 6 0
2021/2/10_10:11:33 1 0 2 0 3 0 4 0 5 0 6 0
2021/2/10_10:11:34 1 0 2 0 3 0 4 0 5 0 6 0
2021/2/10_10:11:35 1 0 2 0 3 0 4 0 5 0 6 0
2021/2/10_10:11:36 1 0 2 0 3 0 4 0 5 0 6 0
2021/2/10_10:11:37 1 0 2 0 3 0 4 0 5 0 6 0
2021/2/10_10:11:38 1 0 2 0 3 0 4 0 5 0 6 0
2021/2/10_10:11:39 1 0 2 0 3 0 4 0 5 0 6 0
2021/2/10_10:11:40 1 0 2 0 3 0 4 0 5 0 6 0
2021/2/10_10:11:41 1 0 2 0 3 0 4 0 5 0 6 0
2021/2/10_10:11:42 1 0 2 0 3 0 4 0 5 0 6 0
2021/2/10_10:11:43 1 0 2 0 3 0 4 0 5 0 6 0
2021/2/10_10:11:44 1 0 2 0 3 0 4 0 5 0 6 0
2021/2/10_10:11:45 1 0 2 0 3 0 4 0 5 0 6 0
2021/2/10_10:11:46 1 0 2 0 3 0 4 0 5 0 6 0
2021/2/10_10:11:47 1 0 2 0 30 4 0 5 0 6 0
2021/2/10_10:11:48 1 0 2 0 3 0 4 0 5 0 6 0
2021/2/10_10:11:49 1 0 2 0 3 0 4 0 5 0 6 0
2021/2/10_10:11:50 1 0 2 0 3 0 4 0 5 0 6 0
2021/2/10_10:11:51 1 0 2 0 3 0 4 0 5 0 6 0
2021/2/10_10:11:53 1 0 2 0 3 0 4 0 5 0 6 0
2021/2/10_10:11:54 1 0 2 0 3 0 4 0 5 0 6 0
2021/2/10_10:11:55 1 0 2 0 3 0 4 0 5 0 6 0
2021/2/10_10:11:56 1 0 2 0 3 0 4 0 5 0 6 0
2021/2/10_10:11:57 1 0 2 0 3 0 4 0 5 0 6 0
2021/2/10_10:11:58 1 0 2 0 3 0 4 0 5 0 6 0
2021/2/10_10:11:59 1 0 2 0 3 0 4 0 5 0 6 0
2021/2/10_10:12:0 1 0 2 0 3 0 4 0 5 0 6 0
2021/2/10_10:12:1 1 0 2 0 3 0 4 0 5 0 6 0
2021/2/10_10:12:2 1 0 2 0 3 0 4 0 5 0 6 0
2021/2/10_10:12:3 1 0 2 0 3 0 4 0 5 0 6 0
2021/2/10_10:12:4 1 0 2 0 3 0 4 0 5 0 6 0
2021/2/10_10:12:5 1 0 2 0 3 0 4 0 5 0 6 0
2021/2/10_10:12:6 1 0 2 0 3 0 4 0 5 0 6 0
2021/2/10_10:12:7 1 0 2 0 3 0 4 0 5 0 6 0
2021/2/10_10:12:8 1 0 2 0 3 0 4 0 5 0 6 0
2021/2/10_10:12:9 1 0 2 0 3 0 4 0 5 0 6 0
2021/2/10_10:12:10 1 0 2 0 3 0 4 0 5 0 6 0
2021/2/10_10:12:11 1 0 2 0 3 0 4 0 5 0 6 0
2021/2/0_10:12:12 1 0 2 0 3 0 4 0 5 0 6 0
2021/2/10_10:12:13 1 0 2 0 3 0 4 0 5 0 6 0
2021/2/10_10:12:14 1 0 2 0 3 0 4 0 5 0 6 0
2021/2/10_10:12:15 1 0 2 0 3 0 4 0 5 0 6 0
2021/2/10_10:12:17 1 0 2 0 3 0 4 0 5 0 6 0
2021/2/10_10:12:18 1 0 2 0 3 0 4 0 5 0 6 0
2021/2/10_10:12:19 1 0 2 0 3 0 4 0 5 0 6 0
2021/2/10_10:12:20 1 0 2 0 3 0 4 0 5 0 6 0
2021/2/10_10:12:21 1 0 2 0 3 0 4 0 5 0 6 0
2021/2/10_10:12:22 1 0 2 0 3 0 4 0 5 0 6 0
2021/2/10_10:12:23 1 0 2 0 3 0 4 0 5 0 6 0
2021/2/10_10:12:24 1 0 2 0 3 0 4 0 5 0 6 0
2021/2/10_10:12:25 1 0 2 0 3 0 4 0 5 0 6 0
2021/2/10_10:12:26 1 0 2 0 3 0 4 0 5 0 6 0
2021/2/10_10:12:27 1 0 2 0 3 0 4 0 5 0 6 0
2021/2/10_10:12:28 1 0 2 0 3 0 4 0 5 0 6 0
2021/2/10_10:12:29 1 0 2 0 3 0 4 0 5 0 6 0
2021/2/10_10:12:30 1 0 2 0 3 0 4 0 5 0 6 0
2021/2/10_10:12:31 1 0 2 0 3 0 4 0 5 0 6 0
2021/2/10_10:12:32 1 0 2 0 3 0 4 0 5 0 6 0
2021/2/10_10:12:33 1 0 2 0 3 0 4 0 5 0 6 0
2021/2/10_10:12:34 1 0 2 0 3 0 4 0 5 0 6 0
2021/2/10_10:12:35 1 0 2 0 3 0 4 0 5 0 6 0
2021/2/10_10:12:36 10 2 0 3 0 4 0 5 0 6 0
2021/2/10_10:12:37 1 0 2 0 3 0 4 0 5 0 6 0
2021/2/10_10:12:39 1 0 2 0 3 0 4 0 5 0 6 0
2021/2/10_10:12:40 1 0 2 0 3 0 4 0 5 0 6 0
2021/2/10_10:12:41 1 0 2 0 3 0 4 0 5 0 6 0
2021/2/10_10:12:42 1 0 2 0 3 0 4 0 5 0 6 0
2021/2/10_10:12:43 1 0 2 0 3 0 4 0 5 0 6 0
2021/2/10_10:12:44 1 0 2 0 3 0 4 0 5 0 6 0
2021/2/10_10:12:45 1 0 2 0 3 0 4 0 5 0 6 0
2021/2/10_10:12:46 1 0 2 0 3 0 4 0 5 0 6 0
2021/2/10_10:12:47 1 0 2 0 3 0 4 0 5 0 6 0
2021/2/10_10:12:48 1 0 2 0 3 0 4 0 5 0 6 0
2021/2/10_10:12:49 1 0 2 0 3 0 4 0 5 0 6 0
2021/2/10_10:12:50 1 0 2 0 3 0 4 0 5 0 6 0
2021/2/10_10:12:51 1 0 2 0 3 0 4 0 5 0 6 0
2021/2/10_10:12:52 1 0 2 0 3 0 4 0 5 0 6 0
2021/2/10_10:12:53 1 0 2 0 3 0 4 0 5 0 6 0
2021/2/10_10:12:54 1 0 2 0 3 0 4 0 5 0 6 0
2021/2/10_10:12:55 1 0 2 0 3 0 4 0 5 0 6 0
2021/2/10_10:12:56 1 0 2 0 3 0 4 0 5 0 6 0
2021/2/10_10:12:57 1 0 2 0 3 0 4 0 5 0 6 0
2021/2/10_10:12:58 1 0 2 0 3 0 4 0 5 0 6 0
2021/2/10_10:12:59 1 0 2 0 3 0 4 0 5 0 6 0
2021/2/10_10:13:0 1 0 2 0 3 0 4 05 0 6 0
2021/2/10_10:13:2 1 0 2 0 3 0 4 0 5 0 6 0
2021/2/10_10:13:3 1 0 2 0 3 0 4 0 5 0 6 0
2021/2/10_10:13:4 1 0 2 0 3 0 4 0 5 0 6 0
2021/2/10_10:13:5 1 0 2 0 3 0 4 0 5 0 6 0
2021/2/10_10:13:6 1 0 2 0 3 0 4 0 5 0 6 0
2021/2/10_10:13:7 1 0 2 0 3 0 4 0 5 0 6 0
2021/2/10_10:13:8 1 0 2 0 3 0 4 0 5 0 6 0
2021/2/10_10:13:9 1 0 2 0 3 0 4 0 5 0 6 0
2021/2/10_10:13:10 1 0 2 0 3 0 4 0 5 0 6 0
2021/2/10_10:13:11 1 0 2 0 3 0 4 0 5 0 6 0
2021/2/10_10:13:12 1 0 2 0 3 0 4 0 5 0 6 0
2021/2/10_10:13:13 1 0 2 0 3 0 4 0 5 0 6 0
2021/2/10_10:13:14 1 0 2 0 3 0 4 0 5 0 6 0
2021/2/10_10:13:15 1 0 2 0 3 0 4 0 5 0 6 0
2021/2/10_10:13:16 1 0 2 0 3 0 4 0 5 0 6 0
2021/2/10_10:13:17 1 0 2 0 3 0 4 0 5 0 6 0
2021/2/10_10:13:18 1 0 2 0 3 0 4 0 5 0 6 0
2021/2/10_10:13:19 1 0 2 0 3 0 4 0 5 0 6 0
2021/2/10_10:13:20 1 0 2 0 3 0 4 0 5 0 6 0
2021/2/10_10:13:21 1 0 2 0 3 0 4 0 5 0 6 0
2021/2/10_10:13:22 1 0 2 0 3 0 4 0 5 0 6 0
2021/2/10_10:13:23 1 0 2 0 3 0 4 0 5 0 6 0
2021/2/10_10:13:24 1 0 2 0 3 0 4 0 5 0 6 0
2021/2/10_1:13:26 1 0 2 0 3 0 4 0 5 0 6 0
2021/2/10_10:13:27 1 0 2 0 3 0 4 0 5 0 6 0
2021/2/10_10:13:28 1 0 2 0 3 0 4 0 5 0 6 0
2021/2/10_10:13:29 1 0 2 0 3 0 4 0 5 0 6 0
2021/2/10_10:13:30 1 0 2 0 3 0 4 0 5 0 6 0
2021/2/10_10:13:31 1 0 2 0 3 0 4 0 5 0 6 0
2021/2/10_10:13:32 1 0 2 0 3 0 4 0 5 0 6 0
2021/2/10_10:13:33 1 0 2 0 3 0 4 0 5 0 6 0
2021/2/10_10:13:34 1 0 2 0 3 0 4 0 5 0 6 0
2021/2/10_10:13:35 1 0 2 0 3 0 4 0 5 0 6 0
2021/2/10_10:13:36 1 0 2 0 3 0 4 0 5 0 6 0
2021/2/10_10:13:37 1 0 2 0 3 0 4 0 5 0 6 0
2021/2/10_10:13:38 1 0 2 0 3 0 4 0 5 0 6 0
2021/2/10_10:13:39 1 0 2 0 3 0 4 0 5 0 6 0
2021/2/10_10:13:40 1 0 2 0 3 0 4 0 5 0 6 0
2021/2/10_10:13:41 1 0 2 0 3 0 4 0 5 0 6 0
2021/2/10_10:13:42 1 0 2 0 3 0 4 0 5 0 6 0
2021/2/10_10:13:43 1 0 2 0 3 0 4 0 5 0 6 0
2021/2/10_10:13:44 1 0 2 0 3 0 4 0 5 0 6 0
2021/2/10_10:13:45 1 0 2 0 3 0 4 0 5 0 6 0
2021/2/10_10:13:46 1 0 2 0 3 0 4 0 5 0 6 0
2021/2/10_10:13:48 1 0 2 0 3 0 4 0 5 0 6 0
2021/2/10_10:13:49 1 0 2 0 3 0 4 0 5 0 6 0
2021/2/10_10:13:50 1 0 20 3 0 4 0 5 0 6 0
2021/2/10_10:13:51 1 0 2 0 3 0 4 0 5 0 6 0
2021/2/10_10:13:52 1 0 2 0 3 0 4 0 5 0 6 0
2021/2/10_10:13:53 1 0 2 0 3 0 4 0 5 0 6 0
2021/2/10_10:13:54 1 0 2 0 3 0 4 0 5 0 6 0
2021/2/10_10:13:55 1 0 2 0 3 0 4 0 5 0 6 0
2021/2/10_10:13:56 1 0 2 0 3 0 4 0 5 0 6 0
2021/2/10_10:13:57 1 0 2 0 3 0 4 0 5 0 6 0
2021/2/10_10:13:58 1 0 2 0 3 0 4 0 5 0 6 0
2021/2/10_10:13:59 1 0 2 0 3 0 4 0 5 0 6 0
2021/2/10_10:14:0 1 0 2 0 3 0 4 0 5 0 6 0
2021/2/10_10:14:1 1 0 2 0 3 0 4 0 5 0 6 0
2021/2/10_10:14:2 1 0 2 0 3 0 4 0 5 0 6 0
2021/2/10_10:14:3 1 0 2 0 3 0 4 0 5 0 6 0
2021/2/10_10:14:4 1 0 2 0 3 0 4 0 5 0 6 0
2021/2/10_10:14:5 1 0 2 0 3 0 4 0 5 0 6 0
2021/2/10_10:14:6 1 0 2 0 3 0 4 0 5 0 6 0
2021/2/10_10:14:7 1 0 2 0 3 0 4 0 5 0 6 0
2021/2/10_10:14:8 1 0 2 0 3 0 4 0 5 0 6 0
2021/2/10_10:14:9 1 0 2 0 3 0 4 0 5 0 6 0
2021/2/10_10:14:11 1 0 2 0 3 0 4 0 5 0 6 0
2021/2/10_10:14:12 1 0 2 0 3 0 4 0 5 0 6 0
2021/2/10_10:14:13 1 0 2 0 3 0 4 0 5 0 6 0
2021/2/10_10:14:14 1 0 2 0 3 0 4 0 5 0 6 0
202/2/10_10:14:15 1 0 2 0 3 0 4 0 5 0 6 0
2021/2/10_10:14:16 1 0 2 0 3 0 4 0 5 0 6 0
2021/2/10_10:14:17 1 0 2 0 3 0 4 0 5 0 6 0
2021/2/10_10:14:18 1 0 2 0 3 0 4 0 5 0 6 0
2021/2/10_10:14:19 1 0 2 0 3 0 4 0 5 0 6 0
2021/2/10_10:14:20 1 0 2 0 3 0 4 0 5 0 6 0
2021/2/10_10:14:21 1 0 2 0 3 0 4 0 5 0 6 0
2021/2/10_10:14:22 1 0 2 0 3 0 4 0 5 0 6 0
2021/2/10_10:14:23 1 0 2 0 3 0 4 0 5 0 6 0
2021/2/10_10:14:24 1 0 2 0 3 0 4 0 5 0 6 0
2021/2/10_10:14:25 1 0 2 0 3 0 4 0 5 0 6 0
2021/2/10_10:14:26 1 0 2 0 3 0 4 0 5 0 6 0
2021/2/10_10:14:27 1 0 2 0 3 0 4 0 5 0 6 0
2021/2/10_10:14:28 1 0 2 0 3 0 4 0 5 0 6 0
2021/2/10_10:14:29 1 0 2 0 3 0 4 0 5 0 6 0
2021/2/10_10:14:30 1 0 2 0 3 0 4 0 5 0 6 0
2021/2/10_10:14:31 1 0 2 0 3 0 4 0 5 0 6 0
2021/2/10_10:14:32 1 0 2 0 3 0 4 0 5 0 6 0
2021/2/10_10:14:34 1 0 2 0 3 0 4 0 5 0 6 0
2021/2/10_10:14:35 1 0 2 0 3 0 4 0 5 0 6 0
2021/2/10_10:14:36 1 0 2 0 3 0 4 0 5 0 6 0
2021/2/10_10:14:37 1 0 2 0 3 0 4 0 5 0 6 0
2021/2/10_10:14:38 1 0 2 0 3 0 4 0 5 0 6 0
2021/2/10_10:14:9 1 0 2 0 3 0 4 0 5 0 6 0
2021/2/10_10:14:40 1 0 2 0 3 0 4 0 5 0 6 0
2021/2/10_10:14:41 1 0 2 0 3 0 4 0 5 0 6 0
2021/2/10_10:14:42 1 0 2 0 3 0 4 0 5 0 6 0
2021/2/10_10:14:43 1 0 2 0 3 0 4 0 5 0 6 0
2021/2/10_10:14:44 1 0 2 0 3 0 4 0 5 0 6 0
2021/2/10_10:14:45 1 0 2 0 3 0 4 0 5 0 6 0
2021/2/10_10:14:46 1 0 2 0 3 0 4 0 5 0 6 0
2021/2/10_10:14:47 1 0 2 0 3 0 4 0 5 0 6 0
2021/2/10_10:14:48 1 0 2 0 3 0 4 0 5 0 6 0
2021/2/10_10:14:49 1 0 2 0 3 0 4 0 5 0 6 0
2021/2/10_10:14:50 1 0 2 0 3 0 4 0 5 0 6 0
2021/2/10_10:14:51 1 0 2 0 3 0 4 0 5 0 6 0
2021/2/10_10:14:52 1 0 2 0 3 0 4 0 5 0 6 0
2021/2/10_10:14:53 1 0 2 0 3 0 4 0 5 0 6 0
2021/2/10_10:14:54 1 0 2 0 3 0 4 0 5 0 6 0
2021/2/10_10:14:55 1 0 2 0 3 0 4 0 5 0 6 0
2021/2/10_10:14:57 1 0 2 0 3 0 4 0 5 0 6 0
2021/2/10_10:14:58 1 0 2 0 3 0 4 0 5 0 6 0
2021/2/10_10:14:59 1 0 2 0 3 0 4 0 5 0 6 0
2021/2/10_10:15:0 1 0 2 0 3 0 4 0 5 0 6 0
2021/2/10_10:15:1 1 0 2 0 3 0 4 0 5 0 6 0
2021/2/10_10:15:2 1 0 2 0 3 0 4 0 5 0 6 0
2021/2/10_10:15:3 1 0 2 0 3 0 45 0 6 0
2021/2/10_10:15:4 1 0 2 0 3 0 4 0 5 0 6 0
2021/2/10_10:15:5 1 0 2 0 3 0 4 0 5 0 6 0
2021/2/10_10:15:6 1 0 2 0 3 0 4 0 5 0 6 0
2021/2/10_10:15:7 1 0 2 0 3 0 4 0 5 0 6 0
2021/2/10_10:15:8 1 0 2 0 3 0 4 0 5 0 6 0
2021/2/10_10:15:9 1 0 2 0 3 0 4 0 5 0 6 0
2021/2/10_10:15:10 1 0 2 0 3 0 4 0 5 0 6 0
2021/2/10_10:15:11 1 0 2 0 3 0 4 0 5 0 6 0
2021/2/10_10:15:12 1 0 2 0 3 0 4 0 5 0 6 0
2021/2/10_10:15:13 1 0 2 0 3 0 4 0 5 0 6 0
2021/2/10_10:15:14 1 0 2 0 3 0 4 0 5 0 6 0
2021/2/10_10:15:15 1 0 2 0 3 0 4 0 5 0 6 0
2021/2/10_10:15:16 1 0 2 0 3 0 4 0 5 0 6 0
2021/2/10_10:15:17 1 0 2 0 3 0 4 0 5 0 6 0
2021/2/10_10:15:19 1 0 2 0 3 0 4 0 5 0 6 0
2021/2/10_10:15:20 1 0 2 0 3 0 4 0 5 0 6 0
2021/2/10_10:15:21 1 0 2 0 3 0 4 0 5 0 6 0
2021/2/10_10:15:22 1 0 2 0 3 0 4 0 5 0 6 0
2021/2/10_10:15:23 1 0 2 0 3 0 4 0 5 0 6 0
2021/2/10_10:15:24 1 0 2 0 3 0 4 0 5 0 6 0
2021/2/10_10:15:25 1 0 2 0 3 0 4 0 5 0 6 0
2021/2/10_10:15:26 1 0 2 0 3 0 4 0 5 0 6 0
2021/2/10_10:15:27 1 0 2 0 3 0 4 0 5 0 6 0
2021/2/1_10:15:28 1 0 2 0 3 0 4 0 5 0 6 0
2021/2/10_10:15:29 1 0 2 0 3 0 4 0 5 0 6 0
2021/2/10_10:15:30 1 0 2 0 3 0 4 0 5 0 6 0
2021/2/10_10:15:31 1 0 2 0 3 0 4 0 5 0 6 0
2021/2/10_10:15:32 1 0 2 0 3 2 4 2 5 0 6 0
2021/2/10_10:15:33 1 0 2 0 3 0 4 0 5 5 6 0
2021/2/10_10:15:34 1 0 2 0 3 0 4 0 5 0 6 0
2021/2/10_10:15:35 1 0 2 0 3 0 4 0 5 0 6 0
2021/2/10_10:15:36 1 0 2 0 3 0 4 0 5 0 6 0
2021/2/10_10:15:37 1 0 2 0 3 0 4 0 5 0 6 0
2021/2/10_10:15:38 1 0 2 0 3 0 4 0 5 0 6 0
2021/2/10_10:15:39 1 0 2 0 3 0 4 0 5 0 6 0
2021/2/10_10:15:40 1 0 2 0 3 0 4 0 5 0 6 0
2021/2/10_10:15:41 1 0 2 0 3 0 4 0 5 0 6 0
2021/2/10_10:15:43 1 0 2 0 3 0 4 0 5 0 6 0
2021/2/10_10:15:44 1 0 2 0 3 0 4 0 5 0 6 0
2021/2/10_10:15:45 1 0 2 0 3 0 4 0 5 0 6 0
2021/2/10_10:15:46 1 0 2 0 3 20 4 0 5 0 6 0
2021/2/10_10:15:47 1 0 2 0 3 51 4 0 5 0 6 0
2021/2/10_10:15:48 1 0 2 0 3 50 4 1 5 0 6 0
2021/2/10_10:15:49 1 0 2 0 3 50 4 8 5 0 6 0
2021/2/10_10:15:50 1 0 2 0 3 50 4 39 5 0 6 0
2021/2/10_10:15:51 1 0 2 0 3 50 4 50 5 0 6 0
2021/2/10_10:5:52 1 0 2 0 3 50 4 50 5 0 6 0
2021/2/10_10:15:53 1 0 2 0 3 50 4 50 5 0 6 0
2021/2/10_10:15:54 1 0 2 0 3 50 4 50 5 0 6 0
2021/2/10_10:15:55 1 0 2 0 3 50 4 50 5 0 6 0
2021/2/10_10:15:56 1 0 2 0 3 50 4 50 5 0 6 0
2021/2/10_10:15:57 1 0 2 0 3 50 4 50 5 0 6 0
2021/2/10_10:15:58 1 0 2 0 3 50 4 50 5 0 6 0
2021/2/10_10:15:59 1 0 2 0 3 50 4 50 5 0 6 0
2021/2/10_10:16:0 1 0 2 0 3 50 4 50 5 0 6 0
2021/2/10_10:16:1 1 0 2 0 3 50 4 50 5 0 6 0
2021/2/10_10:16:2 1 0 2 0 3 50 4 50 5 0 6 0
2021/2/10_10:16:3 1 0 2 0 3 51 4 51 5 0 6 0
2021/2/10_10:16:5 1 0 2 0 3 51 4 50 5 0 6 0
2021/2/10_10:16:6 1 0 2 0 3 51 4 50 5 0 6 0
2021/2/10_10:16:7 1 0 2 0 3 51 4 50 5 0 6 0
2021/2/10_10:16:8 1 0 2 0 3 50 4 50 5 0 6 0
2021/2/10_10:16:9 1 0 2 0 3 51 4 51 5 0 6 0
2021/2/10_10:16:10 1 0 2 0 3 50 4 50 5 0 6 0
2021/2/10_10:16:11 1 0 2 0 3 50 4 50 5 0 6 0
2021/2/10_10:16:12 1 0 2 0 3 50 4 50 5 0 6 0
2021/2/10_10:16:13 1 0 2 0 3 50 4 50 5 0 6 0
2021/2/10_10:16:14 1 0 2 0 3 50 4 50 5 0 6 0
2021/2/10_10:16:15 1 0 2 0 3 50 4 55 0 6 0
2021/2/10_10:16:16 1 0 2 0 3 50 4 50 5 0 6 0
2021/2/10_10:16:17 1 0 2 0 3 50 4 50 5 0 6 0
2021/2/10_10:16:18 1 0 2 0 3 50 4 51 5 0 6 0
2021/2/10_10:16:19 1 0 2 0 3 50 4 51 5 0 6 0
2021/2/10_10:16:20 1 0 2 0 3 50 4 50 5 0 6 0
2021/2/10_10:16:21 1 0 2 0 3 50 4 50 5 0 6 0
2021/2/10_10:16:22 1 0 2 0 3 50 4 50 5 0 6 0
2021/2/10_10:16:23 1 0 2 0 3 50 4 50 5 0 6 0
2021/2/10_10:16:24 1 0 2 0 3 50 4 50 5 0 6 0
2021/2/10_10:16:25 1 0 2 0 3 50 4 50 5 0 6 0
2021/2/10_10:16:27 1 0 2 0 3 50 4 50 5 0 6 0
2021/2/10_10:16:28 1 0 2 0 3 50 4 50 5 0 6 0
2021/2/10_10:16:29 1 0 2 0 3 50 4 50 5 0 6 0
2021/2/10_10:16:30 1 0 2 0 3 50 4 50 5 0 6 0
2021/2/10_10:16:31 1 0 2 0 3 50 4 50 5 0 6 0
2021/2/10_10:16:32 1 0 2 0 3 50 4 50 5 0 6 0
2021/2/10_10:16:33 1 0 2 0 3 50 4 50 5 0 6 0
2021/2/10_10:16:34 1 0 2 0 3 50 4 49 5 0 6 0
2021/2/10_10:16:35 1 0 2 0 3 50 4 50 5 0 6 0
2021/2/10_10:16:36 1 0 2 0 3 50 4 49 5 0 6 0
2021/2/10_10:16:37 1 0 2 0 3 50 4 50 5 0 6 0
2021/2/10_10:16:38 1 0 2 0 3 50 4 50 5 0 6 0
201/2/10_10:16:39 1 0 2 0 3 50 4 50 5 0 6 0
2021/2/10_10:16:40 1 0 2 0 3 50 4 50 5 0 6 0
2021/2/10_10:16:41 1 0 2 0 3 50 4 50 5 0 6 0
2021/2/10_10:16:42 1 0 2 0 3 50 4 49 5 0 6 0
2021/2/10_10:16:43 1 0 2 0 3 50 4 50 5 0 6 0
2021/2/10_10:16:44 1 0 2 0 3 50 4 49 5 0 6 0
2021/2/10_10:16:45 1 0 2 0 3 50 4 50 5 0 6 0
2021/2/10_10:16:46 1 0 2 0 3 50 4 49 5 0 6 0
2021/2/10_10:16:47 1 0 2 0 3 50 4 49 5 0 6 0
2021/2/10_10:16:48 1 0 2 0 3 50 4 49 5 0 6 0
2021/2/10_10:16:49 1 0 2 0 3 50 4 48 5 0 6 0
2021/2/10_10:16:51 1 0 2 0 3 50 4 38 5 0 6 0
2021/2/10_10:16:52 1 0 2 0 3 50 4 48 5 0 6 0
2021/2/10_10:16:53 1 0 2 0 3 50 4 38 5 0 6 0
2021/2/10_10:16:54 1 0 2 0 3 50 4 30 5 0 6 0
2021/2/10_10:16:55 1 0 2 0 3 50 4 43 5 0 6 0
2021/2/10_10:16:56 1 0 2 0 3 50 4 32 5 0 6 0
2021/2/10_10:16:57 1 0 2 0 3 50 4 49 5 0 6 0
2021/2/10_10:16:58 1 0 2 0 3 50 4 50 5 0 6 0
2021/2/10_10:16:59 1 0 2 0 3 50 4 49 5 0 6 0
2021/2/10_10:17:0 1 0 2 0 3 50 4 50 5 0 6 0
2021/2/10_10:17:1 1 0 2 0 3 50 4 49 5 0 6 0
2021/2/10_10:17:21 0 2 0 3 50 4 50 5 0 6 0
2021/2/10_10:17:3 1 0 2 0 3 50 4 50 5 0 6 0
2021/2/10_10:17:4 1 0 2 0 3 50 4 50 5 0 6 0
2021/2/10_10:17:5 1 0 2 0 3 50 4 50 5 0 6 0
2021/2/10_10:17:6 1 0 2 0 3 50 4 50 5 0 6 0
2021/2/10_10:17:7 1 0 2 0 3 50 4 50 5 0 6 0
2021/2/10_10:17:8 1 0 2 0 3 50 4 50 5 0 6 0
2021/2/10_10:17:9 1 0 2 0 3 50 4 50 5 0 6 0
2021/2/10_10:17:10 1 0 2 0 3 50 4 50 5 0 6 0
2021/2/10_10:17:11 1 0 2 0 3 50 4 50 5 0 6 0
2021/2/10_10:17:13 1 0 2 0 3 50 4 50 5 0 6 0
2021/2/10_10:17:14 1 0 2 0 3 50 4 45 5 0 6 0
2021/2/10_10:17:15 1 0 2 0 3 50 4 0 5 0 6 0
2021/2/10_10:17:16 1 0 2 0 3 50 4 0 5 0 6 0
2021/2/10_10:17:17 1 0 2 0 3 50 4 0 5 0 6 0
2021/2/10_10:17:18 1 0 2 0 3 50 4 0 5 0 6 0
2021/2/10_10:17:19 1 0 2 0 3 50 4 0 5 0 6 0
2021/2/10_10:17:20 1 0 2 0 3 50 4 0 5 0 6 0
2021/2/10_10:17:21 1 0 2 0 3 50 4 0 5 0 6 0
2021/2/10_10:17:22 1 0 2 0 3 50 4 0 5 0 6 0
2021/2/10_10:17:23 1 0 2 0 3 50 4 0 5 0 6 0
2021/2/10_10:17:24 1 0 2 0 3 50 4 0 5 0 6 0
2021/2/10_10:17:25 1 0 2 0 3 50 4 0 5 0 6 0
202/2/10_10:17:26 1 0 2 0 3 50 4 0 5 0 6 0
2021/2/10_10:17:27 1 0 2 0 3 50 4 26 5 0 6 0
2021/2/10_10:17:28 1 0 2 0 3 50 4 49 5 0 6 0
2021/2/10_10:17:29 1 0 2 0 3 50 4 31 5 0 6 0
2021/2/10_10:17:30 1 0 2 0 3 50 4 37 5 0 6 0
2021/2/10_10:17:31 1 0 2 0 3 50 4 13 5 0 6 0
2021/2/10_10:17:32 1 0 2 0 3 50 4 0 5 0 6 0
2021/2/10_10:17:33 1 0 2 0 3 50 4 0 5 0 6 0
2021/2/10_10:17:34 1 0 2 0 3 50 4 0 5 0 6 0
2021/2/10_10:17:36 1 0 2 0 3 50 4 0 5 0 6 0
2021/2/10_10:17:37 1 0 2 0 3 50 4 0 5 0 6 0
2021/2/10_10:17:38 1 0 2 0 3 50 4 0 5 0 6 0
2021/2/10_10:17:39 1 0 2 0 3 50 4 0 5 0 6 0
2021/2/10_10:17:40 1 0 2 0 3 50 4 0 5 0 6 0
2021/2/10_10:17:41 1 0 2 0 3 50 4 0 5 0 6 0
2021/2/10_10:17:42 1 0 2 0 3 50 4 0 5 0 6 0
2021/2/10_10:17:43 1 0 2 0 3 50 4 0 5 0 6 0
2021/2/10_10:17:44 1 0 2 0 3 50 4 0 5 0 6 0
2021/2/10_10:17:45 1 0 2 0 3 50 4 0 5 0 6 0
2021/2/10_10:17:46 1 0 2 0 3 50 4 0 5 0 6 0
2021/2/10_10:17:47 1 0 2 0 3 50 4 0 5 0 6 0
2021/2/10_10:17:48 1 0 2 0 3 50 4 0 5 0 6 0
2021/2/10_10:17:49 1 0 2 0 3 50 40 5 0 6 0
2021/2/10_10:17:50 1 0 2 0 3 50 4 0 5 0 6 0
2021/2/10_10:17:51 1 0 2 0 3 50 4 0 5 0 6 0
2021/2/10_10:17:52 1 0 2 0 3 50 4 0 5 0 6 0
2021/2/10_10:17:53 1 0 2 0 3 50 4 0 5 0 6 0
2021/2/10_10:17:54 1 0 2 0 3 50 4 0 5 0 6 0
2021/2/10_10:17:55 1 0 2 0 3 50 4 0 5 0 6 0
2021/2/10_10:17:56 1 0 2 0 3 50 4 0 5 0 6 0
2021/2/10_10:17:57 1 0 2 0 3 50 4 0 5 0 6 0
2021/2/10_10:17:58 1 0 2 0 3 50 4 0 5 0 6 0
2021/2/10_10:18:0 1 0 2 0 3 50 4 0 5 0 6 0
2021/2/10_10:18:1 1 0 2 0 3 51 4 0 5 0 6 0
2021/2/10_10:18:2 1 0 2 0 3 51 4 0 5 0 6 0
2021/2/10_10:18:3 1 0 2 0 3 50 4 0 5 0 6 0
2021/2/10_10:18:4 1 0 2 0 3 50 4 0 5 0 6 0
2021/2/10_10:18:5 1 0 2 0 3 50 4 0 5 0 6 0
2021/2/10_10:18:6 1 0 2 0 3 50 4 0 5 0 6 0
2021/2/10_10:18:7 1 0 2 0 3 50 4 0 5 0 6 0
2021/2/10_10:18:8 1 0 2 0 3 50 4 0 5 0 6 0
2021/2/10_10:18:9 1 0 2 0 3 50 4 0 5 0 6 0
2021/2/10_10:18:10 1 0 2 0 3 50 4 0 5 0 6 0
2021/2/10_10:18:11 1 0 2 0 3 50 4 0 5 0 6 0
2021/2/10_10:18:12 1 0 2 0 3 50 4 0 5 0 6 0
2021/2/10_10:18:13 1 0 2 0 3 50 40 5 0 6 0
2021/2/10_10:18:14 1 0 2 0 3 50 4 0 5 0 6 0
2021/2/10_10:18:15 1 0 2 0 3 50 4 0 5 0 6 0
2021/2/10_10:18:16 1 0 2 0 3 50 4 0 5 0 6 0
2021/2/10_10:18:17 1 0 2 0 3 50 4 0 5 0 6 0
2021/2/10_10:18:18 1 0 2 0 3 50 4 2 5 0 6 0
2021/2/10_10:18:19 1 0 2 0 3 50 4 23 5 0 6 0
2021/2/10_10:18:20 1 0 2 0 3 50 4 22 5 0 6 0
2021/2/10_10:18:22 1 0 2 0 3 50 4 0 5 0 6 0
2021/2/10_10:18:23 1 0 2 0 3 50 4 0 5 0 6 0
2021/2/10_10:18:24 1 0 2 0 3 50 4 0 5 0 6 0
2021/2/10_10:18:25 1 0 2 0 3 50 4 0 5 0 6 0
2021/2/10_10:18:26 1 0 2 0 3 50 4 0 5 0 6 0
2021/2/10_10:18:27 1 0 2 0 3 50 4 0 5 0 6 0
2021/2/10_10:18:28 1 0 2 0 3 50 4 0 5 0 6 0
2021/2/10_10:18:29 1 0 2 0 3 50 4 0 5 0 6 0
2021/2/10_10:18:30 1 0 2 0 3 50 4 0 5 0 6 0
2021/2/10_10:18:31 1 0 2 0 3 50 4 0 5 0 6 0
2021/2/10_10:19:44 1 0 2 0 3 50 4 0 5 0 6 0
2021/2/10_10:19:45 1 0 2 0 3 50 4 0 5 0 6 0
2021/2/10_10:19:46 1 0 2 0 3 50 4 0 5 0 6 0
2021/2/10_10:19:47 1 0 2 0 3 50 4 0 5 0 6 0
2021/2/10_10:19:48 1 0 2 0 3 50 4 0 5 0 6 0
2021/2/10_10:19:49 12 0 3 50 4 0 5 0 6 0
2021/2/10_10:19:50 1 0 2 0 3 50 4 38 5 0 6 0
2021/2/10_10:19:51 1 0 2 0 3 50 4 47 5 0 6 0
2021/2/10_10:19:52 1 0 2 0 3 50 4 47 5 0 6 0
2021/2/10_10:19:53 1 0 2 0 3 50 4 35 5 0 6 0
2021/2/10_10:19:54 1 0 2 0 3 50 4 33 5 0 6 0
2021/2/10_10:19:55 1 0 2 0 3 50 4 45 5 0 6 0
2021/2/10_10:19:56 1 0 2 0 3 50 4 41 5 0 6 0
2021/2/10_10:19:57 1 0 2 0 3 50 4 46 5 0 6 0
2021/2/10_10:19:58 1 0 2 0 3 50 4 48 5 0 6 0
2021/2/10_10:19:59 1 0 2 0 3 50 4 46 5 0 6 0
2021/2/10_10:20:0 1 0 2 0 3 50 4 0 5 0 6 0
2021/2/10_10:20:1 1 0 2 0 3 50 4 0 5 0 6 0
2021/2/10_10:20:2 1 0 2 0 3 50 4 0 5 0 6 0
2021/2/10_10:20:3 1 0 2 0 3 50 4 0 5 0 6 0
2021/2/10_10:20:4 1 0 2 0 3 50 4 0 5 0 6 0
2021/2/10_10:20:6 1 0 2 0 3 50 4 0 5 0 6 0
2021/2/10_10:20:7 1 0 2 0 3 50 4 0 5 0 6 0
2021/2/10_10:20:8 1 0 2 0 3 50 4 0 5 0 6 0
2021/2/10_10:20:9 1 0 2 0 3 50 4 0 5 0 6 0
2021/2/10_10:20:10 1 0 2 0 3 51 4 0 5 0 6 0
2021/2/10_10:20:11 1 0 2 0 3 50 4 0 5 0 6 0
2021/2/10_10:20:12 1 0 2 0 3 50 4 0 5 0 6 0
2021/2/10_0:20:13 1 0 2 0 3 51 4 0 5 0 6 0
2021/2/10_10:20:14 1 0 2 0 3 51 4 0 5 0 6 0
2021/2/10_10:20:15 1 0 2 0 3 50 4 0 5 0 6 0
2021/2/10_10:20:16 1 0 2 0 3 50 4 0 5 0 6 0
2021/2/10_10:20:17 1 0 2 0 3 50 4 0 5 0 6 0
2021/2/10_10:20:18 1 0 2 0 3 50 4 0 5 0 6 0
2021/2/10_10:20:19 1 0 2 0 3 50 4 0 5 0 6 0
2021/2/10_10:20:20 1 0 2 0 3 50 4 0 5 0 6 0
2021/2/10_10:20:21 1 0 2 0 3 50 4 0 5 0 6 0
2021/2/10_10:20:22 1 0 2 0 3 50 4 0 5 0 6 0
2021/2/10_10:20:23 1 0 2 0 3 50 4 0 5 0 6 0
2021/2/10_10:20:24 1 0 2 0 3 50 4 0 5 0 6 0
2021/2/10_10:20:25 1 0 2 0 3 50 4 0 5 0 6 0
2021/2/10_10:20:26 1 0 2 0 3 50 4 0 5 0 6 0
2021/2/10_10:20:28 1 0 2 0 3 50 4 0 5 0 6 0
2021/2/10_10:20:29 1 0 2 0 3 50 4 0 5 0 6 0
2021/2/10_10:20:30 1 0 2 0 3 50 4 0 5 0 6 0
2021/2/10_10:20:31 1 0 2 0 3 50 4 0 5 0 6 0
2021/2/10_10:20:32 1 0 2 0 3 50 4 0 5 0 6 0
2021/2/10_10:20:33 1 0 2 0 3 50 4 0 5 0 6 0
2021/2/10_10:20:34 1 0 2 0 3 50 4 0 5 0 6 0
2021/2/10_10:20:35 1 0 2 0 3 50 4 0 5 0 6 0
2021/2/10_10:20:36 1 0 2 0 3 50 4 0 5 0 6 0021/2/10_10:20:37 1 0 2 0 3 50 4 0 5 0 6 0
2021/2/10_10:20:38 1 0 2 0 3 50 4 0 5 0 6 0
2021/2/10_10:20:39 1 0 2 0 3 50 4 0 5 0 6 0
2021/2/10_10:20:40 1 0 2 0 3 50 4 0 5 0 6 0
2021/2/10_10:20:41 1 0 2 0 3 50 4 0 5 0 6 0
2021/2/10_10:20:42 1 0 2 0 3 50 4 0 5 0 6 0
2021/2/10_10:20:43 1 0 2 0 3 51 4 0 5 0 6 0
2021/2/10_10:20:44 1 0 2 0 3 51 4 0 5 0 6 0
2021/2/10_10:20:45 1 0 2 0 3 51 4 0 5 0 6 0
2021/2/10_10:20:46 1 0 2 0 3 51 4 0 5 0 6 0
2021/2/10_10:20:47 1 0 2 0 3 50 4 0 5 0 6 0
2021/2/10_10:20:48 1 0 2 0 3 25 4 0 5 0 6 0
2021/2/10_10:20:49 1 0 2 0 3 28 4 0 5 0 6 0
2021/2/10_10:20:51 1 0 2 0 3 15 4 0 5 0 6 0
2021/2/10_10:20:52 1 0 2 0 3 0 4 0 5 0 6 0
2021/2/10_10:20:53 1 0 2 0 3 0 4 0 5 0 6 0
2021/2/10_10:20:54 1 0 2 0 3 0 4 0 5 0 6 0
2021/2/10_10:20:55 1 0 2 0 3 0 4 0 5 0 6 0
2021/2/10_10:20:56 1 0 2 0 3 0 4 0 5 0 6 0
2021/2/10_10:20:57 1 0 2 0 3 0 4 0 5 0 6 0
2021/2/10_10:20:58 1 0 2 0 3 0 4 0 5 0 6 0
2021/2/10_10:20:59 1 0 2 0 3 48 4 0 5 0 6 0
2021/2/10_10:21:0 1 0 2 0 3 50 4 0 5 0 6 02021/2/10_10:21:1 1 0 2 0 3 24 4 0 5 0 6 0
2021/2/10_10:21:2 1 0 2 0 3 0 4 0 5 0 6 0
2021/2/10_10:21:3 1 0 2 0 3 37 4 0 5 0 6 0
2021/2/10_10:21:4 1 0 2 0 3 47 4 0 5 0 6 0
2021/2/10_10:21:5 1 0 2 0 3 7 4 0 5 0 6 0
2021/2/10_10:21:6 1 0 2 0 3 24 4 0 5 0 6 0
2021/2/10_10:21:7 1 0 2 0 3 20 4 0 5 0 6 0
2021/2/10_10:21:8 1 0 2 0 3 50 4 0 5 0 6 0
2021/2/10_10:21:9 1 0 2 0 3 50 4 0 5 0 6 0
2021/2/10_10:21:10 1 0 2 0 3 50 4 0 5 0 6 0
2021/2/10_10:21:11 1 0 2 0 3 50 4 0 5 0 6 0
2021/2/10_10:21:12 1 0 2 0 3 6 4 0 5 0 6 0
2021/2/10_10:21:14 1 0 2 0 3 0 4 0 5 0 6 0
2021/2/10_10:21:15 1 0 2 0 3 0 4 0 5 0 6 0
2021/2/10_10:21:16 1 0 2 0 3 0 4 0 5 0 6 0
2021/2/10_10:21:17 1 0 2 0 3 0 4 0 5 0 6 0
2021/2/10_10:21:18 1 0 2 0 3 0 4 0 5 0 6 0
2021/2/10_10:21:19 1 0 2 0 3 0 4 0 5 0 6 0
2021/2/10_10:21:20 1 0 2 0 3 0 4 0 5 0 6 0
2021/2/10_10:21:21 1 0 2 0 3 0 4 0 5 0 6 0
2021/2/10_10:21:22 1 0 2 0 3 0 4 0 5 0 6 0
2021/2/10_10:21:23 1 0 2 0 3 0 4 0 5 0 6 0
2021/2/10_10:21:24 1 0 2 0 3 21 4 0 5 0 6 0
2021/2/10_0:21:25 1 0 2 0 3 12 4 0 5 0 6 0
2021/2/10_10:21:26 1 0 2 0 3 42 4 0 5 0 6 0
2021/2/10_10:21:27 1 0 2 0 3 0 4 0 5 0 6 0
2021/2/10_10:21:28 1 0 2 0 3 0 4 0 5 0 6 0
2021/2/10_10:21:29 1 0 2 0 3 0 4 0 5 0 6 0
2021/2/10_10:21:30 1 0 2 0 3 0 4 0 5 0 6 0
2021/2/10_10:21:31 1 0 2 0 3 0 4 0 5 0 6 0
2021/2/10_10:21:32 1 0 2 0 3 0 4 0 5 0 6 0
2021/2/10_10:21:33 1 0 2 0 3 0 4 0 5 0 6 0
2021/2/10_10:21:34 1 0 2 0 3 0 4 0 5 0 6 0
2021/2/10_10:21:35 1 0 2 0 3 0 4 0 5 0 6 0
2021/2/10_10:21:37 1 0 2 0 3 0 4 0 5 0 6 0
2021/2/10_10:21:38 1 0 2 0 3 0 4 0 5 0 6 0
2021/2/10_10:21:39 1 0 2 0 3 0 4 0 5 0 6 0
2021/2/10_10:21:40 1 0 2 0 3 0 4 0 5 0 6 0
2021/2/10_10:21:41 1 0 2 0 3 0 4 0 5 0 6 0
2021/2/10_10:21:42 1 0 2 0 3 0 4 0 5 0 6 0
2021/2/10_10:21:43 1 0 2 0 3 0 4 0 5 0 6 0
2021/2/10_10:21:44 1 0 2 0 3 0 4 0 5 0 6 0
2021/2/10_10:21:45 1 0 2 0 3 0 4 0 5 0 6 0
2021/2/10_10:21:46 1 0 2 0 3 0 4 0 5 0 6 0
2021/2/10_10:21:47 1 0 2 0 3 0 4 0 5 0 6 0
2021/2/10_10:21:48 1 0 2 0 3 0 4 0 5 0 6 0
2021/2/10_10:21:49 12 0 3 0 4 0 5 0 6 0
2021/2/10_10:21:50 1 0 2 0 3 0 4 0 5 0 6 0
2021/2/10_10:21:51 1 0 2 0 3 0 4 0 5 0 6 0
2021/2/10_10:21:52 1 0 2 0 3 0 4 0 5 0 6 0
2021/2/10_10:21:53 1 0 2 0 3 0 4 0 5 0 6 0
2021/2/10_10:21:54 1 0 2 0 3 0 4 0 5 0 6 0
2021/2/10_10:21:55 1 0 2 0 3 0 4 0 5 0 6 0
2021/2/10_10:21:56 1 0 2 0 3 0 4 0 5 0 6 0
2021/2/10_10:21:57 1 0 2 0 3 0 4 0 5 0 6 0
2021/2/10_10:21:58 1 0 2 0 3 0 4 0 5 0 6 0
2021/2/10_10:22:0 1 0 2 0 3 0 4 0 5 0 6 0
2021/2/10_10:22:1 1 0 2 0 3 0 4 0 5 0 6 0
2021/2/10_10:22:2 1 0 2 0 3 0 4 0 5 0 6 0
2021/2/10_10:22:3 1 0 2 0 3 0 4 0 5 0 6 0
2021/2/10_10:22:4 1 0 2 0 3 0 4 0 5 0 6 0
2021/2/10_10:22:5 1 0 2 0 3 0 4 0 5 0 6 0
2021/2/10_10:22:6 1 0 2 0 3 0 4 0 5 0 6 0
2021/2/10_10:22:7 1 0 2 0 3 0 4 0 5 0 6 0
2021/2/10_10:22:8 1 0 2 0 3 0 4 0 5 0 6 0
2021/2/10_10:22:9 1 0 2 0 3 0 4 0 5 0 6 0
2021/2/10_10:22:10 1 0 2 0 3 0 4 0 5 0 6 0
2021/2/10_10:22:11 1 0 2 0 3 0 4 0 5 0 6 0
2021/2/10_10:22:12 1 0 2 0 3 0 4 0 5 0 6 0
2021/2/10_10:22:13 1 0 2 0 3 0 4 0 5 0 6 0021/2/10_10:22:14 1 0 2 0 3 0 4 0 5 0 6 0
2021/2/10_10:22:15 1 0 2 0 3 0 4 0 5 0 6 0
2021/2/10_10:22:16 1 0 2 0 3 0 4 0 5 0 6 0
2021/2/10_10:22:17 1 0 2 0 3 0 4 0 5 0 6 0
2021/2/10_10:22:18 1 0 2 0 3 0 4 0 5 0 6 0
2021/2/10_10:22:19 1 0 2 0 3 0 4 0 5 0 6 0
2021/2/10_10:22:20 1 0 2 0 3 0 4 0 5 0 6 0
2021/2/10_10:22:21 1 0 2 0 3 0 4 0 5 0 6 0
2021/2/10_10:22:23 1 0 2 0 3 9 4 0 5 0 6 0
2021/2/10_10:22:24 1 0 2 0 3 50 4 0 5 0 6 0
2021/2/10_10:22:25 1 0 2 0 3 50 4 0 5 0 6 0
2021/2/10_10:22:26 1 0 2 0 3 50 4 0 5 0 6 0
2021/2/10_10:22:27 1 0 2 0 3 50 4 0 5 0 6 0
2021/2/10_10:22:28 1 0 2 0 3 50 4 0 5 0 6 0
2021/2/10_10:22:29 1 0 2 0 3 50 4 0 5 0 6 0
2021/2/10_10:22:30 1 0 2 0 3 50 4 0 5 0 6 0
2021/2/10_10:22:31 1 0 2 0 3 50 4 0 5 0 6 0
2021/2/10_10:22:32 1 0 2 0 3 50 4 0 5 0 6 0
2021/2/10_10:22:33 1 0 2 0 3 50 4 0 5 0 6 0
2021/2/10_10:22:34 1 0 2 0 3 50 4 0 5 0 6 0
2021/2/10_10:22:35 1 0 2 0 3 50 4 0 5 0 6 0
2021/2/10_10:22:36 1 0 2 0 3 50 4 0 5 0 6 0
2021/2/10_10:22:37 1 0 2 0 3 50 4 0 5 0 6 02021/2/10_10:22:38 1 0 2 0 3 51 4 0 5 0 6 0
2021/2/10_10:22:39 1 0 2 0 3 50 4 0 5 0 6 0
2021/2/10_10:22:40 1 0 2 0 3 50 4 0 5 0 6 0
2021/2/10_10:22:41 1 0 2 0 3 50 4 0 5 0 6 0
2021/2/10_10:22:42 1 0 2 0 3 50 4 0 5 0 6 0
2021/2/10_10:22:43 1 0 2 0 3 27 4 0 5 0 6 0
2021/2/10_10:22:45 1 0 2 0 3 0 4 0 5 0 6 0
2021/2/10_10:22:46 1 0 2 0 3 25 4 0 5 0 6 0
2021/2/10_10:22:47 1 0 2 0 3 50 4 0 5 0 6 0
2021/2/10_10:22:48 1 0 2 0 3 50 4 0 5 0 6 0
2021/2/10_10:22:49 1 0 2 0 3 50 4 0 5 0 6 0
2021/2/10_10:22:50 1 0 2 0 3 51 4 0 5 0 6 0
2021/2/10_10:22:51 1 0 2 0 3 50 4 0 5 0 6 0
2021/2/10_10:22:52 1 0 2 0 3 50 4 0 5 0 6 0
2021/2/10_10:22:53 1 0 2 0 3 50 4 0 5 0 6 0
2021/2/10_10:22:54 1 0 2 0 3 50 4 0 5 0 6 0
2021/2/10_10:22:55 1 0 2 0 3 50 4 0 5 0 6 0
2021/2/10_10:22:56 1 0 2 0 3 50 4 0 5 0 6 0
2021/2/10_10:22:57 1 0 2 0 3 50 4 0 5 0 6 0
2021/2/10_10:22:58 1 0 2 0 3 50 4 0 5 0 6 0
2021/2/10_10:22:59 1 0 2 0 3 50 4 0 5 0 6 0
2021/2/10_10:23:0 1 0 2 0 3 50 4 0 5 0 6 0
2021/2/10_10:23:1 1 0 2 0 3 50 4 0 50 6 0
2021/2/10_10:23:2 1 0 2 0 3 50 4 0 5 0 6 0
2021/2/10_10:23:3 1 0 2 0 3 50 4 0 5 0 6 0
2021/2/10_10:23:4 1 0 2 0 3 50 4 0 5 0 6 0
2021/2/10_10:23:5 1 0 2 0 3 50 4 0 5 0 6 0
2021/2/10_10:23:6 1 0 2 0 3 50 4 0 5 0 6 0
2021/2/10_10:23:7 1 0 2 0 3 50 4 0 5 0 6 0
2021/2/10_10:23:9 1 0 2 0 3 50 4 0 5 0 6 0
2021/2/10_10:23:10 1 0 2 0 3 50 4 0 5 0 6 0
2021/2/10_10:23:11 1 0 2 0 3 50 4 0 5 0 6 0
2021/2/10_10:23:12 1 0 2 0 3 50 4 0 5 0 6 0
2021/2/10_10:23:13 1 0 2 0 3 50 4 0 5 0 6 0
2021/2/10_10:23:14 1 0 2 0 3 50 4 0 5 0 6 0
2021/2/10_10:23:15 1 0 2 0 3 50 4 0 5 0 6 0
2021/2/10_10:23:16 1 0 2 0 3 50 4 0 5 0 6 0
2021/2/10_10:23:17 1 0 2 0 3 50 4 0 5 0 6 0
2021/2/10_10:23:18 1 0 2 0 3 50 4 0 5 0 6 0
2021/2/10_10:23:19 1 0 2 0 3 50 4 0 5 0 6 0
2021/2/10_10:23:20 1 0 2 0 3 51 4 0 5 0 6 0
2021/2/10_10:23:21 1 0 2 0 3 51 4 0 5 0 6 0
2021/2/10_10:23:22 1 0 2 0 3 50 4 0 5 0 6 0
2021/2/10_10:23:23 1 0 2 0 3 50 4 0 5 0 6 0
2021/2/10_10:23:24 1 0 2 0 3 50 4 0 5 0 6 0
2021/2/10_10:23:25 1 0 2 0 3 50 45 0 6 0
2021/2/10_10:23:26 1 0 2 0 3 50 4 0 5 0 6 0
2021/2/10_10:23:27 1 0 2 0 3 50 4 0 5 0 6 0
2021/2/10_10:23:28 1 0 2 0 3 50 4 0 5 0 6 0
2021/2/10_10:23:29 1 0 2 0 3 50 4 0 5 0 6 0
2021/2/10_10:23:30 1 0 2 0 3 50 4 0 5 0 6 0
2021/2/10_10:23:32 1 0 2 0 3 50 4 0 5 0 6 0
2021/2/10_10:23:33 1 0 2 0 3 50 4 0 5 0 6 0
2021/2/10_10:23:34 1 0 2 0 3 50 4 0 5 0 6 0
2021/2/10_10:23:35 1 0 2 0 3 50 4 0 5 0 6 0
2021/2/10_10:23:36 1 0 2 0 3 50 4 0 5 0 6 0
2021/2/10_10:23:37 1 0 2 0 3 50 4 0 5 0 6 0
2021/2/10_10:23:38 1 0 2 0 3 50 4 0 5 0 6 0
2021/2/10_10:23:39 1 0 2 0 3 50 4 0 5 0 6 0
2021/2/10_10:23:40 1 0 2 0 3 50 4 0 5 0 6 0
2021/2/10_10:23:41 1 0 2 0 3 50 4 0 5 0 6 0
2021/2/10_10:23:42 1 0 2 0 3 50 4 0 5 0 6 0
2021/2/10_10:23:43 1 0 2 0 3 50 4 0 5 0 6 0
2021/2/10_10:23:44 1 0 2 0 3 50 4 0 5 0 6 0
2021/2/10_10:23:45 1 0 2 0 3 50 4 0 5 0 6 0
2021/2/10_10:23:46 1 0 2 0 3 50 4 0 5 0 6 0
2021/2/10_10:23:47 1 0 2 0 3 50 4 0 5 0 6 0
2021/2/10_10:23:48 1 0 2 0 3 51 4 0 5 0 6 0
2021/2/10_10:23:49 1 0 20 3 51 4 0 5 0 6 0
2021/2/10_10:23:50 1 0 2 0 3 50 4 0 5 0 6 0
2021/2/10_10:23:51 1 0 2 0 3 50 4 0 5 0 6 0
2021/2/10_10:23:52 1 0 2 0 3 50 4 0 5 0 6 0
2021/2/10_10:23:54 1 0 2 0 3 50 4 0 5 0 6 0
2021/2/10_10:23:55 1 0 2 0 3 50 4 0 5 0 6 0
2021/2/10_10:23:56 1 0 2 0 3 50 4 0 5 0 6 0
2021/2/10_10:23:57 1 0 2 0 3 50 4 0 5 0 6 0
2021/2/10_10:23:58 1 0 2 0 3 50 4 0 5 0 6 0
2021/2/10_10:23:59 1 0 2 0 3 50 4 0 5 0 6 0
2021/2/10_10:24:0 1 0 2 0 3 50 4 0 5 0 6 0
2021/2/10_10:24:1 1 0 2 0 3 50 4 0 5 0 6 0
2021/2/10_10:24:2 1 0 2 0 3 50 4 0 5 0 6 0
2021/2/10_10:24:3 1 0 2 0 3 50 4 0 5 0 6 0
2021/2/10_10:24:4 1 0 2 0 3 50 4 0 5 0 6 0
2021/2/10_10:24:5 1 0 2 0 3 50 4 0 5 0 6 0
2021/2/10_10:24:6 1 0 2 0 3 50 4 0 5 0 6 0
2021/2/10_10:24:7 1 0 2 0 3 50 4 0 5 0 6 0
2021/2/10_10:24:8 1 0 2 0 3 50 4 0 5 0 6 0
2021/2/10_10:24:9 1 0 2 0 3 50 4 0 5 0 6 0
2021/2/10_10:24:10 1 0 2 0 3 50 4 0 5 0 6 0
2021/2/10_10:24:11 1 0 2 0 3 50 4 0 5 0 6 0
2021/2/10_10:24:12 1 0 2 0 3 50 4 0 5 0 6 0
2021/2/10_10:24:13 1 0 20 3 50 4 0 5 0 6 0
2021/2/10_10:24:14 1 0 2 0 3 50 4 0 5 0 6 0
2021/2/10_10:24:15 1 0 2 0 3 50 4 0 5 0 6 0
2021/2/10_10:24:17 1 0 2 0 3 50 4 0 5 0 6 0
2021/2/10_10:24:18 1 0 2 0 3 50 4 0 5 0 6 0
2021/2/10_10:24:19 1 0 2 0 3 50 4 0 5 0 6 0
2021/2/10_10:24:20 1 0 2 0 3 50 4 0 5 0 6 0
2021/2/10_10:24:21 1 0 2 0 3 50 4 0 5 0 6 0
2021/2/10_10:24:22 1 0 2 0 3 50 4 0 5 0 6 0
2021/2/10_10:24:23 1 0 2 0 3 50 4 0 5 0 6 0
2021/2/10_10:24:24 1 0 2 0 3 50 4 0 5 0 6 0
2021/2/10_10:24:25 1 0 2 0 3 50 4 0 5 0 6 0
2021/2/10_10:24:26 1 0 2 0 3 50 4 0 5 0 6 0
2021/2/10_10:24:27 1 0 2 0 3 50 4 0 5 0 6 0
2021/2/10_10:24:28 1 0 2 0 3 50 4 0 5 0 6 0
2021/2/10_10:24:29 1 0 2 0 3 50 4 0 5 0 6 0
2021/2/10_10:24:30 1 0 2 0 3 50 4 0 5 0 6 0
2021/2/10_10:24:31 1 0 2 0 3 50 4 0 5 0 6 0
2021/2/10_10:24:32 1 0 2 0 3 50 4 0 5 0 6 0
2021/2/10_10:24:33 1 0 2 0 3 51 4 0 5 0 6 0
2021/2/10_10:24:34 1 0 2 0 3 51 4 0 5 0 6 0
2021/2/10_10:24:35 1 0 2 0 3 51 4 0 5 0 6 0
2021/2/10_10:24:36 1 0 2 0 3 50 4 0 5 0 6 0
2021/2/10_10:2:37 1 0 2 0 3 50 4 0 5 0 6 0
2021/2/10_10:24:39 1 0 2 0 3 50 4 0 5 0 6 0
2021/2/10_10:24:40 1 0 2 0 3 50 4 0 5 0 6 0
2021/2/10_10:24:41 1 0 2 0 3 50 4 0 5 0 6 0
2021/2/10_10:24:42 1 0 2 0 3 47 4 0 5 0 6 0
2021/2/10_10:24:43 1 0 2 0 3 0 4 0 5 0 6 0
2021/2/10_10:24:44 1 0 2 0 3 0 4 0 5 0 6 0
2021/2/10_10:24:45 1 0 2 0 3 0 4 0 5 0 6 0
2021/2/10_10:24:46 1 0 2 0 3 0 4 0 5 0 6 0
2021/2/10_10:24:47 1 0 2 0 3 0 4 0 5 0 6 0
2021/2/10_10:24:48 1 0 2 0 3 0 4 0 5 0 6 0
2021/2/10_10:24:49 1 0 2 0 3 0 4 0 5 0 6 0
2021/2/10_10:24:50 1 0 2 0 3 0 4 0 5 0 6 0
2021/2/10_10:24:51 1 0 2 0 3 0 4 0 5 0 6 0
2021/2/10_10:24:52 1 0 2 0 3 0 4 0 5 0 6 0
2021/2/10_10:24:53 1 0 2 0 3 0 4 0 5 0 6 0
2021/2/10_10:24:54 1 0 2 0 3 0 4 0 5 0 6 0
2021/2/10_10:24:55 1 0 2 0 3 0 4 0 5 0 6 0
2021/2/10_10:24:56 1 0 2 0 3 10 4 0 5 0 6 0
2021/2/10_10:24:57 1 0 2 0 3 0 4 0 5 0 6 0
2021/2/10_10:24:58 1 0 2 0 3 0 4 0 5 0 6 0
2021/2/10_10:24:59 1 0 2 0 3 0 4 0 5 0 6 0
2021/2/10_10:25:1 1 0 2 0 3 0 4 0 5 0 6 0
2021/2/10_10:25:2 1 00 3 0 4 0 5 0 6 0
2021/2/10_10:25:3 1 0 2 0 3 0 4 0 5 0 6 0
2021/2/10_10:25:4 1 0 2 0 3 0 4 0 5 0 6 0
2021/2/10_10:25:5 1 0 2 0 3 0 4 0 5 0 6 0
2021/2/10_10:25:6 1 0 2 0 3 0 4 0 5 0 6 0
2021/2/10_10:25:7 1 0 2 0 3 0 4 0 5 0 6 0
2021/2/10_10:25:8 1 0 2 0 3 0 4 0 5 0 6 0
2021/2/10_10:25:9 1 0 2 0 3 0 4 0 5 0 6 0
2021/2/10_10:25:10 1 0 2 0 3 0 4 0 5 0 6 0
2021/2/10_10:25:11 1 0 2 0 3 0 4 0 5 0 6 0
2021/2/10_10:25:12 1 0 2 0 3 6 4 0 5 0 6 0
2021/2/10_10:25:13 1 0 2 0 3 0 4 0 5 0 6 0
2021/2/10_10:25:14 1 0 2 0 3 0 4 0 5 0 6 0
2021/2/10_10:25:15 1 0 2 0 3 0 4 0 5 0 6 0
2021/2/10_10:25:16 1 0 2 0 3 0 4 0 5 0 6 0
2021/2/10_10:25:17 1 0 2 0 3 0 4 0 5 0 6 0
2021/2/10_10:25:18 1 0 2 0 3 0 4 0 5 0 6 0
2021/2/10_10:25:19 1 0 2 0 3 0 4 0 5 0 6 0
2021/2/10_10:25:20 1 0 2 0 3 0 4 0 5 0 6 0
2021/2/10_10:25:21 1 0 2 0 3 0 4 0 5 0 6 0
2021/2/10_10:25:22 1 0 2 0 3 0 4 0 5 0 6 0
2021/2/10_10:25:23 1 0 2 0 3 0 4 0 5 0 6 0
2021/2/10_10:25:25 1 0 2 0 3 0 4 0 5 0 6 0
2021/2/10_10:25:26 1 0 2 0 3 0 4 0 5 0 6 02021/2/10_10:25:27 1 0 2 0 3 0 4 0 5 0 6 0
2021/2/10_10:25:28 1 0 2 0 3 0 4 0 5 0 6 0
2021/2/10_10:25:29 1 0 2 0 3 0 4 0 5 0 6 0
2021/2/10_10:25:30 1 0 2 0 3 0 4 0 5 0 6 0
2021/2/10_10:25:31 1 0 2 0 3 0 4 0 5 0 6 0
2021/2/10_10:25:32 1 0 2 0 3 0 4 0 5 0 6 0
2021/2/10_10:25:33 1 0 2 0 3 0 4 0 5 0 6 0
2021/2/10_10:25:34 1 0 2 0 3 0 4 0 5 0 6 0
2021/2/10_10:25:35 1 0 2 0 3 0 4 0 5 0 6 0
2021/2/10_10:25:36 1 0 2 0 3 0 4 0 5 0 6 0
2021/2/10_10:25:37 1 0 2 0 3 0 4 0 5 0 6 0
2021/2/10_10:25:38 1 0 2 0 3 0 4 0 5 0 6 0
2021/2/10_10:25:39 1 0 2 0 3 0 4 0 5 0 6 0
2021/2/10_10:25:40 1 0 2 0 3 0 4 0 5 0 6 0
2021/2/10_10:25:41 1 0 2 0 3 0 4 0 5 0 6 0
2021/2/10_10:25:42 1 0 2 0 3 0 4 0 5 0 6 0
2021/2/10_10:25:43 1 0 2 0 3 0 4 0 5 0 6 0
2021/2/10_10:25:44 1 0 2 0 3 0 4 0 5 0 6 0
2021/2/10_10:25:45 1 0 2 0 3 0 4 0 5 0 6 0
2021/2/10_10:25:46 1 0 2 0 3 0 4 0 5 0 6 0
2021/2/10_10:25:48 1 0 2 0 3 0 4 0 5 0 6 0
2021/2/10_10:25:49 1 0 2 0 3 0 4 0 5 0 6 0
2021/2/10_10:25:50 1 0 2 0 3 0 4 0 5 0 6 0
2021/2/10_1025:51 1 0 2 0 3 0 4 0 5 0 6 0
2021/2/10_10:25:52 1 0 2 0 3 0 4 0 5 0 6 0
2021/2/10_10:25:53 1 0 2 0 3 0 4 0 5 0 6 0
2021/2/10_10:25:54 1 0 2 0 3 0 4 0 5 0 6 0
2021/2/10_10:25:55 1 0 2 0 3 0 4 0 5 0 6 0
2021/2/10_10:25:56 1 0 2 0 3 0 4 0 5 0 6 0
2021/2/10_10:25:57 1 0 2 0 3 0 4 0 5 0 6 0
2021/2/10_10:25:58 1 0 2 0 3 0 4 0 5 0 6 0
2021/2/10_10:25:59 1 0 2 0 3 0 4 0 5 0 6 0
2021/2/10_10:26:0 1 0 2 0 3 0 4 0 5 0 6 0
2021/2/10_10:26:1 1 0 2 0 3 0 4 0 5 0 6 0
2021/2/10_10:26:2 1 0 2 0 3 0 4 0 5 0 6 0
2021/2/10_10:26:3 1 0 2 0 3 0 4 0 5 0 6 0
2021/2/10_10:26:4 1 0 2 0 3 0 4 0 5 0 6 0
2021/2/10_10:26:5 1 0 2 0 3 0 4 0 5 0 6 0
2021/2/10_10:26:6 1 0 2 0 3 0 4 0 5 0 6 0
2021/2/10_10:26:7 1 0 2 0 3 0 4 0 5 0 6 0
2021/2/10_10:26:8 1 0 2 0 3 0 4 0 5 0 6 0
2021/2/10_10:26:10 1 0 2 0 3 0 4 0 5 0 6 0
2021/2/10_10:26:11 1 0 2 0 3 0 4 0 5 0 6 0
2021/2/10_10:26:12 1 0 2 0 3 0 4 0 5 0 6 0
2021/2/10_10:26:13 1 0 2 0 3 0 4 0 5 0 6 0
2021/2/10_10:26:14 1 0 2 0 3 0 4 0 5 0 6 0
2021/2/10_10:26:15 1 0 2 0 3 0 4 05 0 6 0
2021/2/10_10:26:16 1 0 2 0 3 0 4 0 5 0 6 0
2021/2/10_10:26:17 1 0 2 0 3 0 4 0 5 0 6 0
2021/2/10_10:26:18 1 0 2 0 3 0 4 0 5 0 6 0
2021/2/10_10:26:19 1 0 2 0 3 0 4 0 5 0 6 0
2021/2/10_10:26:20 1 0 2 0 3 0 4 0 5 0 6 0
2021/2/10_10:26:21 1 0 2 0 3 16 4 0 5 0 6 0
2021/2/10_10:26:22 1 0 2 0 3 50 4 0 5 0 6 0
2021/2/10_10:26:23 1 0 2 0 3 50 4 0 5 0 6 0
2021/2/10_10:26:24 1 0 2 0 3 50 4 0 5 0 6 0
2021/2/10_10:26:25 1 0 2 0 3 51 4 0 5 0 6 0
2021/2/10_10:26:26 1 0 2 0 3 50 4 0 5 0 6 0
2021/2/10_10:26:27 1 0 2 0 3 50 4 0 5 0 6 0
2021/2/10_10:26:28 1 0 2 0 3 50 4 0 5 0 6 0
2021/2/10_10:26:29 1 0 2 0 3 50 4 0 5 0 6 0
2021/2/10_10:26:30 1 0 2 0 3 50 4 0 5 0 6 0
2021/2/10_10:26:31 1 0 2 0 3 50 4 0 5 0 6 0
2021/2/10_10:26:32 1 0 2 0 3 48 4 0 5 0 6 0
2021/2/10_10:26:34 1 0 2 0 3 31 4 0 5 0 6 0
2021/2/10_10:26:35 1 0 2 0 3 0 4 0 5 0 6 0
2021/2/10_10:26:36 1 0 2 0 3 0 4 0 5 0 6 0
2021/2/10_10:26:37 1 0 2 0 3 0 4 0 5 0 6 0
2021/2/10_10:26:38 1 0 2 0 3 0 4 0 5 0 6 0
2021/2/10_10:26:39 1 0 2 0 3 0 4 05 0 6 0
2021/2/10_10:26:40 1 0 2 0 3 0 4 0 5 0 6 0
2021/2/10_10:26:41 1 0 2 0 3 0 4 0 5 0 6 0
2021/2/10_10:26:42 1 0 2 0 3 0 4 0 5 0 6 0
2021/2/10_10:26:43 1 0 2 0 3 0 4 0 5 0 6 0
2021/2/10_10:26:44 1 0 2 0 3 0 4 0 5 0 6 0
2021/2/10_10:26:45 1 0 2 0 3 0 4 0 5 0 6 0
2021/2/10_10:26:46 1 0 2 0 3 0 4 0 5 0 6 0
2021/2/10_10:26:47 1 0 2 0 3 0 4 0 5 0 6 0
2021/2/10_10:26:48 1 0 2 0 3 0 4 0 5 0 6 0
2021/2/10_10:26:49 1 0 2 0 3 0 4 0 5 0 6 0
2021/2/10_10:26:50 1 0 2 0 3 0 4 0 5 0 6 0
2021/2/10_10:26:51 1 0 2 0 3 0 4 0 5 0 6 0
2021/2/10_10:26:52 1 0 2 0 3 0 4 0 5 0 6 0
2021/2/10_10:26:53 1 0 2 0 3 0 4 0 5 0 6 0
2021/2/10_10:26:54 1 0 2 0 3 0 4 0 5 0 6 0
2021/2/10_10:26:55 1 0 2 0 3 0 4 0 5 0 6 0
2021/2/10_10:26:57 1 0 2 0 3 0 4 0 5 0 6 0
2021/2/10_10:26:58 1 0 2 0 3 0 4 0 5 0 6 0
2021/2/10_10:26:59 1 0 2 0 3 0 4 0 5 0 6 0
2021/2/10_10:27:0 1 0 2 0 3 0 4 0 5 0 6 0
2021/2/10_10:27:1 1 0 2 0 3 0 4 0 5 0 6 0
2021/2/10_10:27:2 1 0 2 0 3 0 4 0 5 0 6 0
2021/2/10_10:27:3 1 0 2 0 3 0 4 0 5 0 6 0
2021/2/0_10:27:4 1 0 2 0 3 0 4 0 5 0 6 0
2021/2/10_10:27:5 1 0 2 0 3 0 4 0 5 0 6 0
2021/2/10_10:27:6 1 0 2 0 3 0 4 0 5 0 6 0
2021/2/10_10:27:7 1 0 2 0 3 0 4 0 5 0 6 0
2021/2/10_10:27:8 1 0 2 0 3 0 4 0 5 0 6 0
2021/2/10_10:27:9 1 0 2 0 3 0 4 0 5 0 6 0
2021/2/10_10:27:10 1 0 2 0 3 0 4 0 5 0 6 0
2021/2/10_10:27:11 1 0 2 0 3 0 4 0 5 0 6 0
2021/2/10_10:27:12 1 0 2 0 3 0 4 0 5 0 6 0
2021/2/10_10:27:13 1 0 2 0 3 0 4 0 5 0 6 0
2021/2/10_10:27:14 1 0 2 0 3 0 4 0 5 0 6 0
2021/2/10_10:27:15 1 0 2 0 3 0 4 0 5 0 6 0
2021/2/10_10:27:16 1 0 2 0 3 0 4 0 5 0 6 0
2021/2/10_10:27:17 1 0 2 0 3 0 4 0 5 0 6 0
2021/2/10_10:27:19 1 0 2 0 3 0 4 0 5 0 6 0
2021/2/10_10:27:20 1 0 2 0 3 0 4 0 5 0 6 0
2021/2/10_10:27:21 1 0 2 0 3 0 4 0 5 0 6 0
2021/2/10_10:27:22 1 0 2 0 3 0 4 0 5 0 6 0
2021/2/10_10:27:23 1 0 2 0 3 0 4 0 5 0 6 0
2021/2/10_10:27:24 1 0 2 0 3 0 4 0 5 0 6 0
2021/2/10_10:27:25 1 0 2 0 3 0 4 0 5 0 6 0
2021/2/10_10:27:26 1 0 2 0 3 0 4 0 5 0 6 0
2021/2/10_10:27:27 1 0 2 0 3 0 4 0 5 0 6 0
2021/2/10_10:27:28 1 0 2 03 0 4 0 5 0 6 0
2021/2/10_10:27:29 1 0 2 0 3 0 4 0 5 0 6 0
2021/2/10_10:27:30 1 0 2 0 3 0 4 0 5 0 6 0
2021/2/10_10:27:31 1 0 2 0 3 0 4 0 5 0 6 0
2021/2/10_10:27:32 1 0 2 0 3 5 4 0 5 0 6 0
2021/2/10_10:27:33 1 0 2 0 3 32 4 0 5 0 6 0
2021/2/10_10:27:34 1 0 2 0 3 2 4 0 5 0 6 0
2021/2/10_10:27:35 1 0 2 0 3 0 4 0 5 0 6 0
2021/2/10_10:27:36 1 0 2 0 3 0 4 0 5 0 6 0
2021/2/10_10:27:37 1 0 2 0 3 0 4 0 5 0 6 0
2021/2/10_10:27:38 1 0 2 0 3 0 4 0 5 0 6 0
2021/2/10_10:27:39 1 0 2 0 3 2 4 0 5 0 6 0
2021/2/10_10:27:40 1 0 2 0 3 0 4 0 5 0 6 0
2021/2/10_10:27:42 1 0 2 0 3 0 4 0 5 0 6 0
2021/2/10_10:27:43 1 0 2 0 3 0 4 0 5 0 6 0
2021/2/10_10:27:44 1 0 2 0 3 0 4 0 5 0 6 0
2021/2/10_10:27:45 1 0 2 0 3 0 4 0 5 0 6 0
2021/2/10_10:27:46 1 0 2 0 3 0 4 0 5 0 6 0
2021/2/10_10:27:47 1 0 2 0 3 0 4 0 5 0 6 0
2021/2/10_10:27:48 1 0 2 0 3 0 4 0 5 0 6 0
2021/2/10_10:27:49 1 0 2 0 3 0 4 0 5 0 6 0
2021/2/10_10:27:50 1 0 2 0 3 0 4 0 5 0 6 0
2021/2/10_10:27:51 1 0 2 0 3 0 4 0 5 0 6 0
2021/2/10_10:27:52 1 0 2 0 3 0 4 0 5 06 0
2021/2/10_10:27:53 1 0 2 0 3 0 4 0 5 0 6 0
2021/2/10_10:27:54 1 0 2 0 3 0 4 0 5 0 6 0
2021/2/10_10:27:55 1 0 2 0 3 0 4 0 5 0 6 0
2021/2/10_10:27:56 1 0 2 0 3 0 4 0 5 0 6 0
2021/2/10_10:27:57 1 0 2 0 3 0 4 0 5 0 6 0
2021/2/10_10:27:58 1 0 2 0 3 0 4 0 5 0 6 0
2021/2/10_10:27:59 1 0 2 0 3 0 4 0 5 0 6 0
2021/2/10_10:28:0 1 0 2 0 3 0 4 0 5 0 6 0
2021/2/10_10:28:1 1 0 2 0 3 0 4 0 5 0 6 0
2021/2/10_10:28:2 1 0 2 0 3 0 4 0 5 0 6 0
2021/2/10_10:28:3 1 0 2 0 3 0 4 0 5 0 6 0
2021/2/10_10:28:4 1 0 2 0 3 0 4 0 5 0 6 0
2021/2/10_10:28:6 1 0 2 0 3 0 4 0 5 0 6 0
2021/2/10_10:28:7 1 0 2 0 3 0 4 0 5 0 6 0
2021/2/10_10:28:8 1 0 2 0 3 0 4 0 5 0 6 0
2021/2/10_10:28:9 1 0 2 0 3 0 4 0 5 0 6 0
2021/2/10_10:28:10 1 0 2 0 3 0 4 0 5 0 6 0
2021/2/10_10:28:11 1 0 2 0 3 0 4 0 5 0 6 0
2021/2/10_10:28:12 1 0 2 0 3 0 4 0 5 0 6 0
2021/2/10_10:28:13 1 0 2 0 3 0 4 0 5 0 6 0
2021/2/10_10:28:14 1 0 2 0 3 0 4 0 5 0 6 0
2021/2/10_10:28:15 1 0 2 0 3 0 4 0 5 0 6 0
2021/2/10_10:28:16 1 0 2 0 3 0 4 0 5 0 6 0
2021/2/10_10:28:7 1 0 2 0 3 0 4 0 5 0 6 0
2021/2/10_10:28:18 1 0 2 0 3 0 4 0 5 0 6 0
2021/2/10_10:28:19 1 0 2 0 3 0 4 0 5 0 6 0
2021/2/10_10:28:20 1 0 2 0 3 0 4 0 5 0 6 0
2021/2/10_10:28:21 1 0 2 0 3 0 4 0 5 0 6 0
2021/2/10_10:28:22 1 0 2 0 3 0 4 0 5 0 6 0
2021/2/10_10:28:23 1 0 2 0 3 0 4 0 5 0 6 0
2021/2/10_10:28:24 1 0 2 0 3 0 4 0 5 0 6 0
2021/2/10_10:28:25 1 0 2 0 3 0 4 0 5 0 6 0
2021/2/10_10:28:26 1 0 2 0 3 0 4 0 5 0 6 0
2021/2/10_10:28:27 1 0 2 0 3 0 4 0 5 0 6 0
2021/2/10_10:28:29 1 0 2 0 3 0 4 0 5 0 6 0
2021/2/10_10:28:30 1 0 2 0 3 2 4 0 5 0 6 0
2021/2/10_10:28:31 1 0 2 0 3 0 4 0 5 0 6 0
2021/2/10_10:28:32 1 0 2 0 3 0 4 0 5 0 6 0
2021/2/10_10:28:33 1 0 2 0 3 0 4 0 5 0 6 0
2021/2/10_10:28:34 1 0 2 0 3 0 4 0 5 0 6 0
2021/2/10_10:28:35 1 0 2 0 3 7 4 0 5 0 6 0
2021/2/10_10:28:36 1 0 2 0 3 0 4 0 5 0 6 0
2021/2/10_10:28:37 1 0 2 0 3 0 4 0 5 0 6 0
2021/2/10_10:28:38 1 0 2 0 3 0 4 0 5 0 6 0
2021/2/10_10:28:39 1 0 2 0 3 0 4 0 5 0 6 0
2021/2/10_10:28:40 1 0 2 0 3 0 4 0 5 0 6 0
2021/2/10_10:28:41 1 0 2 0 34 0 5 0 6 0
2021/2/10_10:28:42 1 0 2 0 3 0 4 0 5 0 6 0
2021/2/10_10:28:43 1 0 2 0 3 0 4 0 5 0 6 0
2021/2/10_10:28:44 1 0 2 0 3 0 4 0 5 0 6 0
2021/2/10_10:28:45 1 0 2 0 3 0 4 0 5 0 6 0
2021/2/10_10:28:46 1 0 2 0 3 0 4 0 5 0 6 0
2021/2/10_10:28:47 1 0 2 0 3 0 4 0 5 0 6 0
2021/2/10_10:28:48 1 0 2 0 3 0 4 0 5 0 6 0
2021/2/10_10:28:49 1 0 2 0 3 0 4 0 5 0 6 0
2021/2/10_10:28:50 1 0 2 0 3 0 4 0 5 0 6 0
2021/2/10_10:28:52 1 0 2 0 3 0 4 0 5 0 6 0
2021/2/10_10:28:53 1 0 2 0 3 0 4 0 5 0 6 0
2021/2/10_10:28:54 1 0 2 0 3 0 4 0 5 0 6 0
2021/2/10_10:28:55 1 0 2 0 3 0 4 0 5 0 6 0
2021/2/10_10:28:56 1 0 2 0 3 0 4 0 5 0 6 0
2021/2/10_10:28:57 1 0 2 0 3 0 4 0 5 0 6 0
2021/2/10_10:28:58 1 0 2 0 3 0 4 0 5 0 6 0
2021/2/10_10:28:59 1 0 2 0 3 0 4 0 5 0 6 0
2021/2/10_10:29:0 1 0 2 0 3 0 4 0 5 0 6 0
2021/2/10_10:29:1 1 0 2 0 3 14 4 0 5 0 6 0
2021/2/10_10:29:2 1 0 2 0 3 0 4 0 5 0 6 0
2021/2/10_10:29:3 1 0 2 0 3 0 4 0 5 0 6 0
2021/2/10_10:29:4 1 0 2 0 3 0 4 0 5 0 6 0
2021/2/10_10:29:5 1 0 2 0 3 0 4 0 5 0 6 0
202/2/10_10:29:6 1 0 2 0 3 0 4 0 5 0 6 0
2021/2/10_10:29:7 1 0 2 0 3 0 4 0 5 0 6 0
2021/2/10_10:29:8 1 0 2 0 3 0 4 0 5 0 6 0
2021/2/10_10:29:9 1 0 2 0 3 0 4 0 5 0 6 0
2021/2/10_10:29:10 1 0 2 0 3 9 4 0 5 0 6 0
2021/2/10_10:29:11 1 0 2 0 3 0 4 0 5 0 6 0
2021/2/10_10:29:12 1 0 2 0 3 0 4 0 5 0 6 0
2021/2/10_10:29:13 1 0 2 0 3 0 4 0 5 0 6 0
2021/2/10_10:29:15 1 0 2 0 3 0 4 0 5 0 6 0
2021/2/10_10:29:16 1 0 2 0 3 0 4 0 5 0 6 0
2021/2/10_10:29:17 1 0 2 0 3 0 4 0 5 0 6 0
2021/2/10_10:29:18 1 0 2 0 3 0 4 0 5 0 6 0
2021/2/10_10:29:19 1 0 2 0 3 31 4 0 5 0 6 0
2021/2/10_10:29:20 1 0 2 0 3 50 4 0 5 0 6 0
2021/2/10_10:29:21 1 0 2 0 3 50 4 0 5 0 6 0
2021/2/10_10:29:22 1 0 2 0 3 50 4 0 5 0 6 0
2021/2/10_10:29:23 1 0 2 0 3 47 4 0 5 0 6 0
2021/2/10_10:29:24 1 0 2 0 3 50 4 0 5 0 6 0
2021/2/10_10:29:25 1 0 2 0 3 50 4 0 5 0 6 0
2021/2/10_10:29:26 1 0 2 0 3 50 4 0 5 0 6 0
2021/2/10_10:29:27 1 0 2 0 3 50 4 0 5 0 6 0
2021/2/10_10:29:28 1 0 2 0 3 50 4 0 5 0 6 0
2021/2/10_10:29:29 1 0 2 0 3 50 4 0 5 0 6 0
2021/2/1010:29:30 1 0 2 0 3 50 4 0 5 0 6 0
2021/2/10_10:29:31 1 0 2 0 3 50 4 0 5 0 6 0
2021/2/10_10:29:32 1 0 2 0 3 50 4 0 5 0 6 0
2021/2/10_10:29:33 1 0 2 0 3 22 4 0 5 0 6 0
2021/2/10_10:29:34 1 0 2 0 3 0 4 0 5 0 6 0
2021/2/10_10:29:35 1 0 2 0 3 0 4 0 5 0 6 0
2021/2/10_10:29:36 1 0 2 0 3 0 4 0 5 0 6 0
2021/2/10_10:29:38 1 0 2 0 3 11 4 0 5 0 6 0
2021/2/10_10:29:39 1 0 2 0 3 19 4 0 5 0 6 0
2021/2/10_10:29:40 1 0 2 0 3 0 4 0 5 0 6 0
2021/2/10_10:29:41 1 0 2 0 3 0 4 0 5 0 6 0
2021/2/10_10:29:42 1 0 2 0 3 0 4 0 5 0 6 0
2021/2/10_10:29:43 1 0 2 0 3 0 4 0 5 0 6 0
2021/2/10_10:29:44 1 0 2 0 3 0 4 0 5 0 6 0
2021/2/10_10:29:45 1 0 2 0 3 0 4 0 5 0 6 0
2021/2/10_10:29:46 1 0 2 0 3 0 4 0 5 0 6 0
2021/2/10_10:29:47 1 0 2 0 3 0 4 0 5 0 6 0
2021/2/10_10:29:48 1 0 2 0 3 0 4 0 5 0 6 0
2021/2/10_10:29:49 1 0 2 0 3 0 4 0 5 0 6 0
2021/2/10_10:29:50 1 0 2 0 3 0 4 0 5 0 6 0
2021/2/10_10:29:51 1 0 2 0 3 0 4 0 5 0 6 0
2021/2/10_10:29:52 1 0 2 0 3 0 4 0 5 0 6 0
2021/2/10_10:29:53 1 0 2 0 3 0 4 0 5 0 6 0
2021/2/10_10:29:4 1 0 2 0 3 0 4 0 5 0 6 0
2021/2/10_10:29:55 1 0 2 0 3 0 4 0 5 0 6 0
2021/2/10_10:29:56 1 0 2 0 3 0 4 0 5 0 6 0
2021/2/10_10:29:57 1 0 2 0 3 27 4 0 5 0 6 0
2021/2/10_10:29:58 1 0 2 0 3 2 4 0 5 0 6 0
2021/2/10_10:29:59 1 0 2 0 3 0 4 0 5 0 6 0
2021/2/10_10:30:1 1 0 2 0 3 0 4 0 5 0 6 0
2021/2/10_10:30:2 1 0 2 0 3 0 4 0 5 0 6 0
2021/2/10_10:30:3 1 0 2 0 3 0 4 0 5 0 6 0
2021/2/10_10:30:4 1 0 2 0 3 0 4 0 5 0 6 0
2021/2/10_10:30:5 1 0 2 0 3 0 4 0 5 0 6 0
2021/2/10_10:30:6 1 0 2 0 3 0 4 0 5 0 6 0
2021/2/10_10:30:7 1 0 2 0 3 0 4 0 5 0 6 0
2021/2/10_10:30:8 1 0 2 0 3 0 4 0 5 0 6 0
2021/2/10_10:30:9 1 0 2 0 3 0 4 0 5 0 6 0
2021/2/10_10:30:10 1 0 2 0 3 0 4 0 5 0 6 0
2021/2/10_10:30:11 1 0 2 0 3 0 4 0 5 0 6 0
2021/2/10_10:30:12 1 0 2 0 3 0 4 0 5 0 6 0
2021/2/10_10:30:13 1 0 2 0 3 0 4 0 5 0 6 0
2021/2/10_10:30:14 1 0 2 0 3 14 4 2 5 0 6 0
2021/2/10_10:30:15 1 0 2 0 3 50 4 0 5 0 6 0
2021/2/10_10:30:16 1 0 2 0 3 50 4 0 5 0 6 0
2021/2/10_10:30:17 1 0 2 0 3 50 4 0 5 0 6 0
2021/2/10_10:30:18 1 0 2 0 3 50 40 5 0 6 0
2021/2/10_10:30:19 1 0 2 0 3 50 4 0 5 0 6 0
2021/2/10_10:30:20 1 0 2 0 3 50 4 0 5 0 6 0
2021/2/10_10:30:21 1 0 2 0 3 50 4 0 5 0 6 0
2021/2/10_10:30:22 1 0 2 0 3 50 4 0 5 0 6 0
2021/2/10_10:30:24 1 0 2 0 3 50 4 0 5 0 6 0
2021/2/10_10:30:25 1 0 2 0 3 50 4 0 5 0 6 0
2021/2/10_10:30:26 1 0 2 0 3 50 4 0 5 0 6 0
2021/2/10_10:30:27 1 0 2 0 3 50 4 0 5 0 6 0
2021/2/10_10:30:28 1 0 2 0 3 50 4 0 5 0 6 0
2021/2/10_10:30:29 1 0 2 0 3 50 4 0 5 0 6 0
2021/2/10_10:30:30 1 0 2 0 3 50 4 0 5 0 6 0
2021/2/10_10:30:31 1 0 2 0 3 50 4 0 5 0 6 0
2021/2/10_10:30:32 1 0 2 0 3 50 4 0 5 0 6 0
2021/2/10_10:30:33 1 0 2 0 3 50 4 0 5 0 6 0
2021/2/10_10:30:34 1 0 2 0 3 50 4 0 5 0 6 0
2021/2/10_10:30:35 1 0 2 0 3 50 4 0 5 0 6 0
2021/2/10_10:30:36 1 0 2 0 3 50 4 0 5 0 6 0
2021/2/10_10:30:37 1 0 2 0 3 50 4 0 5 0 6 0
2021/2/10_10:30:38 1 0 2 0 3 50 4 0 5 0 6 0
2021/2/10_10:30:39 1 0 2 0 3 50 4 0 5 0 6 0
2021/2/10_10:30:40 1 0 2 0 3 50 4 0 5 0 6 0
2021/2/10_10:30:41 1 0 2 0 3 50 4 0 5 0 6 0
2021/2/10_10:30:42 1 00 3 50 4 0 5 0 6 0
2021/2/10_10:30:43 1 0 2 0 3 50 4 0 5 0 6 0
2021/2/10_10:30:44 1 0 2 0 3 50 4 0 5 0 6 0
2021/2/10_10:30:45 1 0 2 0 3 50 4 0 5 0 6 0
2021/2/10_10:30:47 1 0 2 0 3 50 4 0 5 0 6 0
2021/2/10_10:30:48 1 0 2 0 3 50 4 0 5 0 6 0
2021/2/10_10:30:49 1 0 2 0 3 50 4 0 5 0 6 0
2021/2/10_10:30:50 1 0 2 0 3 50 4 0 5 0 6 0
2021/2/10_10:30:51 1 0 2 0 3 50 4 0 5 0 6 0
2021/2/10_10:30:52 1 0 2 0 3 50 4 0 5 0 6 0
2021/2/10_10:30:53 1 0 2 0 3 50 4 0 5 0 6 0
2021/2/10_10:30:54 1 0 2 0 3 50 4 0 5 0 6 0
2021/2/10_10:30:55 1 0 2 0 3 50 4 0 5 0 6 0
2021/2/10_10:30:56 1 0 2 0 3 50 4 0 5 0 6 0
2021/2/10_10:30:57 1 0 2 0 3 50 4 0 5 0 6 0
2021/2/10_10:30:58 1 0 2 0 3 50 4 0 5 0 6 0
2021/2/10_10:30:59 1 0 2 0 3 50 4 0 5 0 6 0
2021/2/10_10:31:0 1 0 2 0 3 50 4 0 5 0 6 0
2021/2/10_10:31:1 1 0 2 0 3 50 4 0 5 0 6 0
2021/2/10_10:31:2 1 0 2 0 3 50 4 0 5 0 6 0
+